1900.00 0.000000
1915.00 0.000008
1927.00 0.000016
1934.00 0.000159
1939.00 0.000495
1948.00 0.005376
1957.00 0.011863
1962.00 0.019703
1969.00 0.042174
1976.00 0.087306
1981.00 0.152759
1989.00 0.248173
1990.00 0.190245
1998.00 0.233884
2008.00 0.294551
2014.00 0.398217
2019.00 0.336603
2028.00 0.620746
2037.00 0.764986
2045.00 0.746412
2061.00 0.625063
2072.00 0.725492
2075.00 0.689468
2082.00 0.787906
2089.00 0.818135
2099.00 0.822833
2106.00 0.863294
2113.00 0.877829
2120.00 0.854895
2124.00 0.895329
2138.00 0.918862
2145.00 0.926769
2155.00 0.926657
2169.00 0.900943
2176.00 0.922819
2185.00 0.842755
2197.00 0.945854
2208.00 0.980363
2213.00 0.987926
2218.00 0.984788
2232.00 0.964659
2237.00 0.981633
2248.00 0.983449
2256.00 0.961316
2260.00 0.979226
2263.00 1.000000
2265.00 0.963168
2270.00 0.981193
2272.00 0.968068
2276.00 0.910892
2277.00 0.982136
2281.00 0.889606
2284.00 0.891766
2286.00 0.942380
2291.00 0.840424
2293.00 0.804239
2295.00 0.707670
2297.00 0.657619
2299.00 0.560736
2306.00 0.443653
2311.00 0.348239
2316.00 0.230228
2320.00 0.162597
2325.00 0.135967
2328.00 0.092102
2335.00 0.062390
2339.00 0.043093
2344.00 0.033981
2346.00 0.030955
2352.00 0.011811
2361.00 0.006833
2363.00 0.000749
2370.00 0.002996
2375.00 0.002097
2384.00 0.000406
2399.00 0.000000
