1289.00 0.000000
1315.00 0.000000
1341.00 0.000000
1368.00 0.000000
1397.00 0.000000
1418.00 0.000017
1440.00 0.000511
1462.00 0.002766
1478.00 0.008088
1486.00 0.028736
1493.00 0.087115
1504.00 0.201449
1515.00 0.438159
1528.00 0.686357
1539.00 0.818076
1546.00 0.882073
1551.00 0.911825
1556.00 0.926872
1565.00 0.929288
1572.00 0.872747
1577.00 0.856619
1583.00 0.882556
1592.00 0.918084
1597.00 0.926654
1602.00 0.907594
1613.00 0.925974
1619.00 0.920496
1628.00 0.924198
1633.00 0.923533
1642.00 0.941788
1648.00 0.949134
1657.00 0.980658
1659.00 0.993744
1671.00 1.000000
1684.00 0.956052
1701.00 0.924116
1715.00 0.982120
1727.00 0.991589
1739.00 0.988683
1746.00 0.979168
1751.00 0.968184
1753.00 0.937040
1756.00 0.918998
1764.00 0.842264
1775.00 0.667111
1785.00 0.269402
1790.00 0.451630
1796.00 0.173062
1803.00 0.107726
1810.00 0.070700
1813.00 0.005109
1818.00 0.019970
1828.00 0.000392
1835.00 0.000002
1850.00 0.000059
1871.00 0.000000
1893.00 0.000031
1914.00 0.000000
