1062.00 0.000000
1066.00 0.000407
1070.00 0.001543
1075.00 0.002670
1078.00 0.005506
1082.00 0.012253
1084.00 0.020293
1087.00 0.030647
1089.00 0.040514
1093.00 0.051532
1096.00 0.056353
1102.00 0.071807
1105.00 0.273603
1107.00 0.340997
1109.00 0.358446
1112.00 0.380134
1116.00 0.330668
1117.00 0.239548
1120.00 0.250062
1123.00 0.283301
1128.00 0.258233
1129.00 0.251474
1132.00 0.538119
1134.00 0.223168
1138.00 0.536893
1140.00 0.110203
1143.00 0.529207
1147.00 0.261940
1154.00 0.320155
1159.00 0.174300
1164.00 0.607031
1167.00 0.617933
1170.00 0.676289
1173.00 0.727940
1175.00 0.746531
1179.00 0.830404
1182.00 0.790307
1186.00 0.809605
1188.00 0.836888
1192.00 0.835984
1195.00 0.749936
1199.00 0.708013
1202.00 0.698759
1209.00 0.704854
1216.00 0.700382
1221.00 0.732765
1227.00 0.705725
1231.00 0.842431
1236.00 0.921873
1240.00 0.952505
1244.00 0.967585
1247.00 0.959508
1253.00 0.922697
1255.00 0.892978
1258.00 0.852943
1260.00 0.802308
1265.00 0.750078
1270.00 0.678072
1275.00 0.652417
1279.00 0.638754
1286.00 0.642413
1292.00 0.648560
1297.00 0.682380
1302.00 0.752903
1305.00 0.775942
1307.00 0.811828
1310.00 0.777008
1313.00 0.721030
1316.00 0.952459
1319.00 0.855137
1323.00 0.841401
1326.00 1.000000
1330.00 0.894736
1333.00 0.854912
1334.00 0.537894
1336.00 0.279866
1339.00 0.906532
1343.00 0.689345
1346.00 0.553327
1349.00 0.243177
1353.00 0.014376
1355.00 0.000189
1360.00 0.040079
1363.00 0.004536
1370.00 0.000320
1373.00 0.037217
1377.00 0.000538
1383.00 0.000000
1388.00 0.000144
1392.00 0.003298
1395.00 0.000314
1396.00 0.008477
1397.00 0.025373
1398.00 0.118446
1400.00 0.000136
1401.00 0.000061
1402.00 0.052133
1404.00 0.010377
1406.00 0.047805
1407.00 0.000420
1410.00 0.002366
1412.00 0.005261
1416.00 0.008648
1421.00 0.000729
1426.00 0.000348
1442.00 0.000378
1450.00 0.000000
