351.14 0.000000
353.28 0.007000
355.42 0.015000
357.55 0.029000
359.69 0.050000
361.83 0.074000
363.97 0.102000
366.11 0.134000
368.25 0.169000
370.39 0.208000
372.53 0.249000
374.67 0.292000
376.81 0.338000
378.94 0.387000
381.08 0.436000
383.22 0.486000
385.36 0.536000
387.50 0.584000
389.64 0.630000
391.78 0.673000
393.92 0.713000
396.06 0.748000
398.20 0.779000
400.33 0.806000
402.47 0.828000
404.61 0.846000
406.75 0.862000
408.89 0.874000
411.03 0.885000
413.17 0.896000
415.31 0.905000
417.45 0.915000
419.59 0.926000
421.72 0.937000
423.86 0.948000
426.00 0.959000
428.14 0.970000
430.28 0.980000
432.42 0.989000
434.56 0.996000
436.70 1.000000
438.84 0.996000
440.98 0.983000
443.12 0.957000
445.25 0.916000
447.39 0.862000
449.53 0.797000
451.67 0.724000
453.81 0.645000
455.95 0.565000
458.09 0.485000
460.23 0.411000
462.37 0.343000
464.51 0.283000
466.64 0.236000
468.78 0.195000
470.92 0.164000
473.06 0.139000
475.20 0.120000
477.34 0.105000
479.48 0.094000
481.62 0.085000
483.76 0.076000
485.90 0.068000
488.03 0.059000
490.17 0.050000
492.31 0.042000
494.45 0.033000
496.59 0.025000
498.73 0.017000
500.87 0.011000
503.01 0.006000
505.15 0.003000
507.29 0.001000
