200.00 0.000294
200.50 -0.000916
201.00 0.000426
201.50 0.000395
202.00 -0.001602
202.50 -0.001235
203.00 -0.001248
203.50 0.001121
204.00 0.000401
204.50 -0.000472
205.00 -0.001405
205.50 -0.001940
206.00 -0.000208
206.50 0.001039
207.00 -0.000288
207.50 -0.000843
208.00 0.000482
208.50 -0.000543
209.00 -0.001563
209.50 -0.000711
210.00 0.000207
210.50 -0.000105
211.00 0.000188
211.50 -0.001128
212.00 -0.001309
212.50 -0.000317
213.00 -0.000334
213.50 -0.000419
214.00 -0.001422
214.50 -0.000374
215.00 -0.001007
215.50 -0.001581
216.00 -0.000652
216.50 -0.000219
217.00 -0.001553
217.50 0.000860
218.00 -0.000890
218.50 0.000147
219.00 0.000857
219.50 -0.000062
220.00 -0.001009
220.50 -0.001175
221.00 -0.000748
221.50 -0.000640
222.00 0.000832
222.50 0.000474
223.00 -0.000237
223.50 0.000319
224.00 -0.001776
224.50 -0.001872
225.00 -0.000191
225.50 -0.000530
226.00 -0.000933
226.50 -0.000259
227.00 -0.001443
227.50 -0.000363
228.00 -0.001004
228.50 -0.000393
229.00 -0.000373
229.50 -0.000140
230.00 -0.000628
230.50 0.001719
231.00 0.000447
231.50 -0.001026
232.00 0.000317
232.50 -0.000620
233.00 -0.001038
233.50 -0.000733
234.00 -0.000148
234.50 -0.000563
235.00 -0.001679
235.50 -0.000191
236.00 -0.000812
236.50 -0.000871
237.00 -0.000724
237.50 0.000661
238.00 -0.000848
238.50 -0.000226
239.00 -0.000701
239.50 -0.000152
240.00 -0.000763
240.50 0.000598
241.00 -0.000759
241.50 -0.000960
242.00 0.000666
242.50 -0.000283
243.00 -0.001234
243.50 -0.000560
244.00 -0.003214
244.50 -0.001658
245.00 -0.000370
245.50 0.000308
246.00 -0.002289
246.50 -0.000884
247.00 -0.000761
247.50 -0.000957
248.00 -0.002048
248.50 -0.000322
249.00 -0.000515
249.50 0.000573
250.00 -0.000005
250.50 -0.001927
251.00 -0.000456
251.50 -0.001227
252.00 -0.000653
252.50 0.000627
253.00 -0.000146
253.50 -0.000988
254.00 -0.001123
254.50 -0.000808
255.00 -0.001533
255.50 -0.001284
256.00 -0.000708
256.50 0.000070
257.00 0.000128
257.50 -0.000810
258.00 0.000379
258.50 0.000640
259.00 0.000150
259.50 -0.001883
260.00 -0.000006
260.50 -0.000971
261.00 -0.001115
261.50 0.000221
262.00 -0.001541
262.50 0.001507
263.00 0.001439
263.50 -0.000351
264.00 -0.000499
264.50 0.001245
265.00 -0.001064
265.50 -0.001592
266.00 -0.001364
266.50 -0.000234
267.00 0.000268
267.50 0.000452
268.00 -0.000943
268.50 -0.000292
269.00 -0.000301
269.50 -0.000882
270.00 -0.002040
270.50 -0.000353
271.00 -0.001656
271.50 -0.000194
272.00 0.001359
272.50 -0.000820
273.00 -0.001070
273.50 -0.000809
274.00 -0.000581
274.50 -0.000979
275.00 -0.001387
275.50 -0.000835
276.00 -0.000793
276.50 -0.001276
277.00 -0.000172
277.50 -0.001546
278.00 -0.000079
278.50 0.001608
279.00 0.000140
279.50 0.001608
280.00 0.000173
280.50 -0.000926
281.00 -0.001287
281.50 -0.001074
282.00 -0.000729
282.50 -0.000693
283.00 0.001151
283.50 -0.000722
284.00 -0.000846
284.50 -0.000445
285.00 -0.000724
285.50 0.000326
286.00 -0.000529
286.50 0.000090
287.00 -0.000487
287.50 0.001222
288.00 -0.001113
288.50 -0.000706
289.00 -0.000933
289.50 0.000394
290.00 -0.000624
290.50 0.000029
291.00 0.000386
291.50 0.000754
292.00 0.000275
292.50 -0.000666
293.00 0.000473
293.50 -0.000734
294.00 -0.001024
294.50 0.000616
295.00 -0.000010
295.50 -0.000931
296.00 -0.000035
296.50 -0.000311
297.00 -0.000593
297.50 0.000583
298.00 -0.001514
298.50 0.000164
299.00 -0.001099
299.50 -0.000250
300.00 -0.001421
300.50 0.000415
301.00 0.000573
301.50 -0.000189
302.00 0.000160
302.50 -0.000536
303.00 -0.000056
303.50 -0.001402
304.00 0.000041
304.50 -0.001329
305.00 -0.000360
305.50 0.000364
306.00 -0.001472
306.50 0.000467
307.00 -0.001029
307.50 -0.001363
308.00 0.000062
308.50 -0.001159
309.00 -0.000284
309.50 -0.000274
310.00 0.000610
310.50 -0.000973
311.00 -0.000385
311.50 -0.001080
312.00 0.000701
312.50 -0.000564
313.00 -0.000013
313.50 -0.000349
314.00 0.000765
314.50 -0.001145
315.00 -0.000441
315.50 -0.000462
316.00 -0.000545
316.50 -0.000631
317.00 -0.001481
317.50 -0.000742
318.00 0.000950
318.50 -0.000488
319.00 -0.001001
319.50 -0.000224
320.00 -0.000431
320.50 -0.000834
321.00 -0.000411
321.50 -0.000600
322.00 -0.001081
322.50 -0.000684
323.00 0.000216
323.50 -0.000549
324.00 -0.000257
324.50 0.000746
325.00 -0.000222
325.50 0.000430
326.00 0.000234
326.50 -0.000461
327.00 -0.000112
327.50 -0.000513
328.00 -0.001373
328.50 -0.000294
329.00 -0.000852
329.50 -0.000389
330.00 0.000396
330.50 -0.000247
331.00 0.000305
331.50 0.001452
332.00 -0.000362
332.50 -0.000554
333.00 -0.000764
333.50 -0.001040
334.00 -0.000691
334.50 -0.000205
335.00 0.000680
335.50 -0.001108
336.00 -0.000361
336.50 -0.001181
337.00 -0.001148
337.50 -0.000361
338.00 0.000760
338.50 -0.001234
339.00 -0.000487
339.50 0.000551
340.00 -0.002065
340.50 -0.000307
341.00 -0.000312
341.50 0.000357
342.00 -0.000321
342.50 0.000353
343.00 -0.001198
343.50 -0.000647
344.00 0.001090
344.50 0.000840
345.00 -0.000786
345.50 -0.000915
346.00 -0.000040
346.50 0.000336
347.00 -0.000670
347.50 -0.000483
348.00 0.001468
348.50 0.000017
349.00 -0.001374
349.50 -0.000206
350.00 -0.000518
350.50 0.002026
351.00 -0.000393
351.50 -0.001914
352.00 -0.000469
352.50 0.000546
353.00 0.000214
353.50 -0.000107
354.00 -0.000215
354.50 -0.001251
355.00 -0.000981
355.50 0.000631
356.00 -0.000116
356.50 -0.000093
357.00 -0.000744
357.50 -0.000449
358.00 0.000930
358.50 0.000911
359.00 0.000849
359.50 -0.001281
360.00 0.001139
360.50 -0.000141
361.00 -0.000458
361.50 -0.000382
362.00 -0.000446
362.50 -0.001275
363.00 -0.000270
363.50 -0.000809
364.00 -0.000995
364.50 0.000392
365.00 0.000809
365.50 0.000345
366.00 0.000155
366.50 -0.000579
367.00 -0.000153
367.50 -0.000775
368.00 -0.000618
368.50 -0.000949
369.00 0.000245
369.50 0.000117
370.00 -0.000008
370.50 -0.000674
371.00 0.000485
371.50 -0.001636
372.00 -0.000022
372.50 0.000990
373.00 -0.000994
373.50 -0.000412
374.00 0.000233
374.50 -0.001081
375.00 -0.000717
375.50 -0.000014
376.00 0.000952
376.50 -0.000468
377.00 0.000826
377.50 -0.000106
378.00 -0.000235
378.50 -0.000015
379.00 -0.000434
379.50 -0.000421
380.00 0.001430
380.50 -0.000676
381.00 -0.000731
381.50 -0.000161
382.00 0.000609
382.50 -0.000138
383.00 -0.000330
383.50 -0.000114
384.00 0.000877
384.50 -0.000305
385.00 -0.000220
385.50 -0.000065
386.00 -0.001188
386.50 -0.000886
387.00 -0.000659
387.50 0.000331
388.00 0.000892
388.50 -0.001021
389.00 -0.001816
389.50 -0.000661
390.00 -0.000807
390.50 -0.000644
391.00 0.000444
391.50 0.000028
392.00 0.000111
392.50 -0.000086
393.00 0.000206
393.50 -0.000468
394.00 -0.001310
394.50 -0.000602
395.00 0.000214
395.50 0.000299
396.00 -0.000758
396.50 -0.000243
397.00 0.000124
397.50 0.001386
398.00 -0.001016
398.50 0.000603
399.00 -0.000160
399.50 -0.000795
400.00 0.001741
400.50 -0.001387
401.00 -0.000161
401.50 -0.000841
402.00 0.000426
402.50 -0.000459
403.00 -0.000886
403.50 -0.000063
404.00 -0.000618
404.50 0.000044
405.00 -0.000989
405.50 0.000772
406.00 -0.000147
406.50 0.000143
407.00 0.000160
407.50 -0.000893
408.00 0.000054
408.50 0.000492
409.00 -0.000752
409.50 -0.000743
410.00 -0.000786
410.50 0.000320
411.00 0.000124
411.50 0.000073
412.00 -0.000467
412.50 -0.000301
413.00 0.000378
413.50 0.000610
414.00 0.000411
414.50 -0.000848
415.00 0.000649
415.50 -0.000656
416.00 -0.000625
416.50 0.000190
417.00 -0.000565
417.50 -0.000613
418.00 0.000366
418.50 0.000819
419.00 -0.000820
419.50 -0.001566
420.00 -0.000554
420.50 -0.001572
421.00 -0.001238
421.50 -0.002796
422.00 -0.001239
422.50 -0.001062
423.00 -0.000621
423.50 0.000138
424.00 -0.000358
424.50 0.000245
425.00 -0.000313
425.50 0.000205
426.00 -0.000483
426.50 0.000731
427.00 0.000888
427.50 -0.001370
428.00 0.000035
428.50 -0.000380
429.00 0.000563
429.50 -0.000918
430.00 -0.000013
430.50 -0.002217
431.00 0.000236
431.50 -0.000843
432.00 0.000548
432.50 0.000271
433.00 -0.002273
433.50 -0.000263
434.00 -0.000839
434.50 0.000071
435.00 0.000452
435.50 -0.000565
436.00 -0.000550
436.50 -0.000247
437.00 -0.001671
437.50 0.000277
438.00 -0.000140
438.50 0.000224
439.00 0.000583
439.50 0.001708
440.00 -0.000015
440.50 0.000292
441.00 0.000300
441.50 0.000306
442.00 0.000902
442.50 0.000539
443.00 0.001274
443.50 -0.001193
444.00 -0.000964
444.50 -0.001169
445.00 0.000564
445.50 -0.000004
446.00 0.001142
446.50 -0.000045
447.00 -0.000852
447.50 0.000210
448.00 -0.000311
448.50 -0.000604
449.00 0.001568
449.50 -0.001186
450.00 -0.001549
450.50 -0.000726
451.00 0.001052
451.50 0.000170
452.00 -0.000414
452.50 -0.000263
453.00 -0.001283
453.50 0.000111
454.00 -0.000104
454.50 -0.000173
455.00 -0.002129
455.50 -0.001108
456.00 0.000200
456.50 0.000780
457.00 0.000205
457.50 -0.000008
458.00 -0.000077
458.50 -0.000002
459.00 -0.000644
459.50 -0.000711
460.00 -0.000193
460.50 0.000737
461.00 -0.000399
461.50 -0.000093
462.00 -0.000317
462.50 -0.000012
463.00 0.000217
463.50 0.000445
464.00 -0.000756
464.50 -0.000452
465.00 -0.001424
465.50 -0.002244
466.00 0.000529
466.50 -0.000365
467.00 0.000533
467.50 0.001428
468.00 0.000239
468.50 0.000093
469.00 -0.001017
469.50 -0.000791
470.00 0.000026
470.50 -0.001300
471.00 0.000178
471.50 0.000549
472.00 -0.000699
472.50 0.000259
473.00 -0.001059
473.50 -0.000615
474.00 -0.001855
474.50 0.000414
475.00 0.000270
475.50 0.002018
476.00 0.000856
476.50 0.000131
477.00 -0.000663
477.50 0.000281
478.00 0.000355
478.50 -0.000869
479.00 0.001728
479.50 -0.001651
480.00 0.001226
480.50 -0.000637
481.00 -0.000022
481.50 -0.000096
482.00 -0.000017
482.50 -0.000470
483.00 0.000974
483.50 -0.001599
484.00 0.000372
484.50 -0.000305
485.00 -0.000152
485.50 -0.001504
486.00 0.001131
486.50 0.000682
487.00 0.000758
487.50 -0.000887
488.00 -0.001182
488.50 -0.000058
489.00 0.000168
489.50 -0.000574
490.00 -0.000199
490.50 0.000249
491.00 -0.000269
491.50 -0.000340
492.00 -0.000485
492.50 -0.000777
493.00 0.000110
493.50 -0.000992
494.00 -0.000033
494.50 -0.001499
495.00 -0.001056
495.50 0.000487
496.00 -0.001562
496.50 0.000343
497.00 -0.001043
497.50 0.000565
498.00 -0.000965
498.50 -0.000234
499.00 -0.000377
499.50 -0.000229
500.00 0.000789
500.50 0.000572
501.00 0.000501
501.50 -0.000150
502.00 -0.000221
502.50 -0.000725
503.00 0.000722
503.50 -0.001154
504.00 -0.000214
504.50 -0.000068
505.00 -0.000787
505.50 -0.001433
506.00 0.001445
506.50 -0.001428
507.00 0.000584
507.50 -0.000706
508.00 -0.000131
508.50 -0.000703
509.00 -0.000057
509.50 0.000731
510.00 -0.001343
510.50 -0.000984
511.00 -0.000268
511.50 0.000376
512.00 -0.000123
512.50 -0.000123
513.00 -0.000907
513.50 0.000093
514.00 0.000878
514.50 0.001519
515.00 0.000522
515.50 0.000950
516.00 -0.000402
516.50 -0.000259
517.00 -0.000116
517.50 -0.000258
518.00 0.000382
518.50 0.000027
519.00 -0.000328
519.50 -0.001323
520.00 -0.000753
520.50 -0.000327
521.00 0.000242
521.50 0.000526
522.00 -0.001108
522.50 -0.000184
523.00 0.000597
523.50 0.000739
524.00 -0.000113
524.50 -0.000398
525.00 0.000597
525.50 -0.001678
526.00 -0.000044
526.50 -0.000826
527.00 -0.000471
527.50 0.000098
528.00 -0.000686
528.50 0.000381
529.00 -0.000688
529.50 -0.000261
530.00 0.000807
530.50 0.000807
531.00 0.001021
531.50 -0.001051
532.00 0.000448
532.50 0.000447
533.00 -0.000842
533.50 -0.001560
534.00 0.000158
534.50 0.000587
535.00 0.000011
535.50 0.000081
536.00 -0.000209
536.50 0.001158
537.00 -0.000214
537.50 -0.000433
538.00 -0.000292
538.50 0.000358
539.00 -0.001024
539.50 -0.000229
540.00 -0.001035
540.50 -0.000675
541.00 0.001077
541.50 -0.000613
542.00 -0.001356
542.50 -0.000923
543.00 0.000180
543.50 -0.000274
544.00 0.001288
544.50 -0.000145
545.00 -0.001214
545.50 0.000218
546.00 0.001434
546.50 0.000746
547.00 0.000440
547.50 -0.000553
548.00 -0.000095
548.50 0.001433
549.00 0.000594
549.50 -0.000625
550.00 -0.000852
550.50 -0.000850
551.00 -0.000316
551.50 -0.000011
552.00 -0.000009
552.50 -0.002513
553.00 -0.001372
553.50 -0.000991
554.00 -0.000156
554.50 -0.000079
555.00 -0.000305
555.50 -0.001664
556.00 0.001284
556.50 0.000151
557.00 0.000152
557.50 -0.001355
558.00 -0.000599
558.50 -0.000975
559.00 0.000757
559.50 -0.002704
560.00 -0.000144
560.50 -0.001122
561.00 0.001134
561.50 0.000382
562.00 0.000006
562.50 0.000908
563.00 0.000606
563.50 0.000679
564.00 0.000979
564.50 -0.000461
565.00 -0.000766
565.50 -0.000765
566.00 -0.001365
566.50 -0.000073
567.00 -0.000664
567.50 -0.001547
568.00 -0.000046
568.50 -0.000550
569.00 -0.001338
569.50 -0.001187
570.00 -0.001311
570.50 -0.001309
571.00 -0.001535
571.50 -0.002717
572.00 -0.001782
572.50 -0.001382
573.00 -0.000841
573.50 -0.001984
574.00 -0.000277
574.50 0.001050
575.00 -0.001203
575.50 0.000093
576.00 -0.001438
576.50 -0.000092
577.00 -0.000348
577.50 -0.001369
578.00 -0.001184
578.50 -0.000263
579.00 0.001001
579.50 0.001064
580.00 0.000374
580.50 -0.000278
581.00 -0.000104
581.50 -0.000354
582.00 -0.000614
582.50 -0.002144
583.00 0.000190
583.50 -0.000201
584.00 -0.000377
584.50 -0.000268
585.00 -0.001785
585.50 0.000446
586.00 -0.000498
586.50 -0.000071
587.00 -0.000848
587.50 -0.001769
588.00 -0.000900
588.50 0.000136
589.00 0.000761
589.50 -0.000073
590.00 0.000896
590.50 -0.000875
591.00 0.001055
591.50 0.000670
592.00 0.000169
592.50 -0.001271
593.00 -0.000545
593.50 -0.000579
594.00 0.000046
594.50 -0.000420
595.00 -0.000149
595.50 -0.001526
596.00 0.000343
596.50 -0.002152
597.00 -0.002810
597.50 -0.000097
598.00 -0.000907
598.50 0.000077
599.00 -0.000044
599.50 0.000373
600.00 0.000113
600.50 -0.000077
601.00 0.000394
601.50 -0.001452
602.00 -0.000589
602.50 -0.001047
603.00 -0.001311
603.50 -0.001182
604.00 -0.000527
604.50 -0.001064
605.00 -0.000542
605.50 -0.001086
606.00 -0.001504
606.50 0.001381
607.00 -0.001067
607.50 0.000419
608.00 0.001375
608.50 0.000170
609.00 0.000663
609.50 -0.001134
610.00 0.000180
610.50 -0.001313
611.00 -0.000591
611.50 0.000349
612.00 -0.001246
612.50 -0.000712
613.00 -0.001777
613.50 -0.000746
614.00 -0.000549
614.50 -0.000421
615.00 0.000499
615.50 0.001141
616.00 0.000486
616.50 -0.001266
617.00 -0.000694
617.50 -0.001729
618.00 -0.001740
618.50 0.000537
619.00 0.000387
619.50 -0.000281
620.00 -0.000506
620.50 -0.000211
621.00 -0.000953
621.50 0.000012
622.00 0.000235
622.50 -0.001095
623.00 -0.001681
623.50 -0.001821
624.00 0.000025
624.50 -0.000995
625.00 -0.001059
625.50 0.000404
626.00 -0.000387
626.50 -0.000666
627.00 -0.001229
627.50 -0.000126
628.00 -0.000474
628.50 0.000063
629.00 0.000669
629.50 -0.001106
630.00 -0.001015
630.50 0.000028
631.00 -0.000690
631.50 -0.000169
632.00 -0.000804
632.50 -0.000639
633.00 -0.000317
633.50 -0.001052
634.00 0.000079
634.50 0.000458
635.00 0.000539
635.50 -0.001131
636.00 -0.000534
636.50 -0.000882
637.00 -0.001512
637.50 -0.000285
638.00 0.002560
638.50 -0.000548
639.00 0.000164
639.50 0.000730
640.00 0.000036
640.50 0.000667
641.00 -0.000784
641.50 -0.000294
642.00 0.000812
642.50 -0.001180
643.00 0.000060
643.50 -0.000076
644.00 0.001228
644.50 0.000954
645.00 0.000267
645.50 0.000060
646.00 -0.000493
646.50 0.000192
647.00 -0.001847
647.50 0.000007
648.00 -0.000064
648.50 -0.001980
649.00 -0.000607
649.50 -0.000020
650.00 0.000171
650.50 -0.000441
651.00 -0.000927
651.50 -0.002645
652.00 -0.001717
652.50 0.001239
653.00 -0.000061
653.50 0.000123
654.00 -0.000423
654.50 -0.001248
655.00 -0.000868
655.50 -0.001751
656.00 0.000206
656.50 -0.001194
657.00 -0.001291
657.50 -0.000312
658.00 -0.000744
658.50 -0.000435
659.00 -0.000994
659.50 0.000175
660.00 -0.001532
660.50 -0.001080
661.00 -0.000186
661.50 -0.001336
662.00 -0.000102
662.50 0.000623
663.00 0.000306
663.50 -0.000463
664.00 -0.000358
664.50 -0.000522
665.00 -0.000621
665.50 -0.001899
666.00 0.000112
666.50 -0.000517
667.00 -0.001017
667.50 0.000987
668.00 0.000046
668.50 0.000090
669.00 0.000713
669.50 -0.000584
670.00 -0.000152
670.50 -0.001393
671.00 -0.000150
671.50 0.000858
672.00 -0.001013
672.50 0.000161
673.00 0.000516
673.50 -0.001364
674.00 0.001312
674.50 -0.000445
675.00 -0.001143
675.50 -0.000450
676.00 -0.000945
676.50 0.000701
677.00 -0.001433
677.50 -0.000575
678.00 -0.000277
678.50 -0.000640
679.00 -0.000537
679.50 0.000438
680.00 -0.000068
680.50 -0.001230
681.00 -0.000594
681.50 0.000911
682.00 -0.000388
682.50 0.000448
683.00 0.000768
683.50 -0.000682
684.00 -0.000440
684.50 0.000388
685.00 0.000235
685.50 -0.002030
686.00 0.000041
686.50 -0.001636
687.00 0.000048
687.50 0.000025
688.00 -0.000134
688.50 0.000258
689.00 0.000428
689.50 0.000127
690.00 0.000240
690.50 0.000356
691.00 0.000820
691.50 0.002453
692.00 0.004089
692.50 0.004190
693.00 0.007481
693.50 0.009487
694.00 0.013985
694.50 0.018844
695.00 0.024696
695.50 0.035333
696.00 0.047881
696.50 0.060684
697.00 0.080309
697.50 0.106453
698.00 0.135951
698.50 0.173958
699.00 0.220261
699.50 0.278632
700.00 0.345060
700.50 0.426599
701.00 0.526498
701.50 0.638362
702.00 0.776229
702.50 0.930925
703.00 1.110278
703.50 1.326118
704.00 1.560429
704.50 1.827941
705.00 2.130757
705.50 2.468210
706.00 2.847261
706.50 3.267433
707.00 3.725657
707.50 4.241205
708.00 4.775942
708.50 5.369905
709.00 6.009550
709.50 6.692111
710.00 7.440626
710.50 8.209943
711.00 9.032663
711.50 9.933844
712.00 10.845343
712.50 11.824917
713.00 12.865418
713.50 13.919306
714.00 15.029414
714.50 16.156006
715.00 17.333464
715.50 18.594032
716.00 19.824057
716.50 21.134642
717.00 22.471556
717.50 23.787195
718.00 25.173965
718.50 26.542002
719.00 27.938765
719.50 29.397345
720.00 30.807638
720.50 32.249683
721.00 33.725758
721.50 35.136951
722.00 36.607510
722.50 38.062458
723.00 39.505814
723.50 40.986759
724.00 42.406593
724.50 43.828159
725.00 45.314484
725.50 46.701054
726.00 48.125603
726.50 49.515762
727.00 50.870632
727.50 52.238701
728.00 53.532761
728.50 54.850536
729.00 56.183243
729.50 57.441223
730.00 58.689785
730.50 59.896816
731.00 61.095352
731.50 62.293808
732.00 63.412357
732.50 64.560410
733.00 65.653381
733.50 66.684807
734.00 67.763695
734.50 68.776855
735.00 69.755463
735.50 70.742195
736.00 71.693306
736.50 72.561775
737.00 73.474899
737.50 74.323860
738.00 75.183868
738.50 75.948471
739.00 76.745758
739.50 77.540222
740.00 78.216194
740.50 78.924248
741.00 79.638840
741.50 80.307365
742.00 80.929810
742.50 81.572899
743.00 82.149811
743.50 82.731766
744.00 83.261665
744.50 83.819138
745.00 84.344086
745.50 84.814537
746.00 85.294861
746.50 85.771767
747.00 86.209404
747.50 86.646294
748.00 87.040100
748.50 87.449982
749.00 87.841042
749.50 88.189774
750.00 88.553352
750.50 88.921646
751.00 89.236816
751.50 89.546425
752.00 89.846794
752.50 90.132416
753.00 90.412910
753.50 90.654869
754.00 90.923805
754.50 91.171387
755.00 91.418991
755.50 91.636002
756.00 91.864792
756.50 92.076370
757.00 92.261559
757.50 92.464439
758.00 92.615974
758.50 92.807335
759.00 92.958237
759.50 93.159691
760.00 93.294540
760.50 93.455086
761.00 93.598648
761.50 93.711342
762.00 93.862518
762.50 93.957626
763.00 94.114014
763.50 94.214912
764.00 94.318619
764.50 94.420830
765.00 94.504944
765.50 94.588593
766.00 94.680672
766.50 94.767120
767.00 94.854294
767.50 94.957626
768.00 95.015381
768.50 95.086494
769.00 95.170074
769.50 95.241974
770.00 95.284111
770.50 95.310883
771.00 95.407455
771.50 95.415901
772.00 95.502052
772.50 95.517311
773.00 95.581383
773.50 95.652374
774.00 95.687363
774.50 95.708603
775.00 95.737617
775.50 95.808487
776.00 95.817276
776.50 95.845917
777.00 95.891273
777.50 95.909065
778.00 95.925247
778.50 95.949898
779.00 95.970131
779.50 95.996025
780.00 96.014526
780.50 96.027672
781.00 96.077911
781.50 96.036621
782.00 96.070343
782.50 96.078804
783.00 96.116165
783.50 96.124023
784.00 96.133904
784.50 96.126816
785.00 96.133545
785.50 96.130920
786.00 96.143463
786.50 96.140144
787.00 96.136101
787.50 96.129112
788.00 96.149155
788.50 96.160332
789.00 96.166916
789.50 96.171432
790.00 96.161118
790.50 96.203529
791.00 96.141479
791.50 96.132324
792.00 96.150909
792.50 96.146904
793.00 96.149597
793.50 96.137527
794.00 96.132942
794.50 96.118866
795.00 96.110512
795.50 96.094444
796.00 96.130554
796.50 96.113861
797.00 96.089127
797.50 96.104851
798.00 96.074722
798.50 96.044830
799.00 96.073517
799.50 96.039536
800.00 96.083206
800.50 96.017662
801.00 96.010666
801.50 96.007156
802.00 95.956551
802.50 95.980545
803.00 95.991417
803.50 95.932045
804.00 95.956650
804.50 95.921188
805.00 95.916214
805.50 95.913597
806.00 95.909653
806.50 95.873940
807.00 95.829529
807.50 95.858406
808.00 95.846573
808.50 95.827240
809.00 95.811005
809.50 95.845375
810.00 95.756683
810.50 95.719337
811.00 95.765091
811.50 95.729683
812.00 95.753792
812.50 95.707932
813.00 95.705757
813.50 95.689018
814.00 95.715805
814.50 95.667427
815.00 95.683151
815.50 95.662811
816.00 95.636909
816.50 95.601585
817.00 95.624557
817.50 95.647285
818.00 95.568939
818.50 95.616035
819.00 95.552513
819.50 95.569923
820.00 95.571938
820.50 95.583382
821.00 95.558258
821.50 95.510948
822.00 95.493027
822.50 95.479027
823.00 95.500259
823.50 95.474693
824.00 95.458466
824.50 95.485649
825.00 95.442566
825.50 95.441727
826.00 95.396088
826.50 95.329674
827.00 95.383522
827.50 95.344200
828.00 95.323334
828.50 95.331009
829.00 95.263512
829.50 95.261559
830.00 95.261917
830.50 95.200546
831.00 95.197319
831.50 95.231804
832.00 95.170525
832.50 95.158005
833.00 95.121788
833.50 95.068596
834.00 95.090347
834.50 95.040169
835.00 95.017883
835.50 95.022293
836.00 94.958977
836.50 94.952339
837.00 94.920418
837.50 94.871140
838.00 94.898048
838.50 94.848007
839.00 94.825203
839.50 94.833305
840.00 94.753258
840.50 94.709984
841.00 94.740311
841.50 94.763901
842.00 94.693611
842.50 94.666862
843.00 94.584946
843.50 94.510109
844.00 94.552498
844.50 94.499893
845.00 94.491127
845.50 94.484711
846.00 94.423782
846.50 94.387596
847.00 94.317917
847.50 94.343864
848.00 94.316010
848.50 94.252693
849.00 94.264420
849.50 94.145294
850.00 94.146660
850.50 94.113304
851.00 94.088654
851.50 94.032425
852.00 94.026062
852.50 94.005531
853.00 93.946991
853.50 93.888908
854.00 93.889420
854.50 93.809052
855.00 93.838524
855.50 93.883667
856.00 93.671715
856.50 93.753212
857.00 93.703239
857.50 93.666130
858.00 93.633446
858.50 93.640602
859.00 93.615181
859.50 93.488190
860.00 93.572411
860.50 93.434967
861.00 93.372063
861.50 93.233215
862.00 93.249199
862.50 93.336044
863.00 93.241463
863.50 93.296799
864.00 93.126579
864.50 93.008026
865.00 93.150986
865.50 92.843460
866.00 92.982651
866.50 92.932632
867.00 92.852318
867.50 92.961021
868.00 92.897667
868.50 92.794708
869.00 92.890221
869.50 92.732155
870.00 92.774345
870.50 92.659157
871.00 92.527184
871.50 92.405365
872.00 92.398262
872.50 92.471199
873.00 92.856010
873.50 92.549988
874.00 92.439980
874.50 92.301277
875.00 92.122993
875.50 92.444862
876.00 92.502510
876.50 92.377724
877.00 92.162819
877.50 92.204491
878.00 91.987350
878.50 91.927513
879.00 91.949959
879.50 91.724106
880.00 91.896057
880.50 91.816086
881.00 91.934242
881.50 91.736656
882.00 91.582947
882.50 91.796829
883.00 91.728378
883.50 91.669235
884.00 91.654259
884.50 91.494026
885.00 91.524460
885.50 91.781868
886.00 91.025337
886.50 91.213608
887.00 91.494789
887.50 91.492279
888.00 91.374168
888.50 90.849724
889.00 91.028885
889.50 90.879890
890.00 90.634705
890.50 90.998291
891.00 90.922043
891.50 90.795639
892.00 90.697502
892.50 90.874504
893.00 90.763771
893.50 90.613426
894.00 90.566673
894.50 90.367935
895.00 90.031860
895.50 90.293068
896.00 90.023849
896.50 89.828560
897.00 90.446243
897.50 90.326424
898.00 90.150505
898.50 89.828308
899.00 90.147682
899.50 90.331413
900.00 90.253845
900.50 90.194183
901.00 90.134964
901.50 90.090157
902.00 90.044342
902.50 89.961266
903.00 89.913521
903.50 89.855316
904.00 89.770554
904.50 89.736954
905.00 89.671577
905.50 89.607399
906.00 89.540367
906.50 89.485672
907.00 89.424606
907.50 89.371376
908.00 89.283386
908.50 89.222092
909.00 89.173714
909.50 89.111038
910.00 89.046463
910.50 88.982483
911.00 88.921951
911.50 88.856560
912.00 88.785622
912.50 88.721962
913.00 88.639732
913.50 88.569656
914.00 88.515938
914.50 88.462463
915.00 88.372253
915.50 88.316795
916.00 88.249756
916.50 88.173447
917.00 88.103256
917.50 88.026062
918.00 87.952705
918.50 87.885841
919.00 87.816795
919.50 87.755569
920.00 87.691536
920.50 87.598541
921.00 87.532646
921.50 87.460762
922.00 87.383339
922.50 87.309601
923.00 87.244194
923.50 87.175735
924.00 87.092918
924.50 87.010330
925.00 86.940338
925.50 86.863937
926.00 86.786308
926.50 86.705818
927.00 86.636055
927.50 86.549248
928.00 86.468399
928.50 86.394608
929.00 86.323608
929.50 86.233620
930.00 86.159988
930.50 86.067879
931.00 85.986816
931.50 85.912689
932.00 85.824265
932.50 85.751930
933.00 85.663208
933.50 85.589111
934.00 85.494431
934.50 85.415710
935.00 85.325577
935.50 85.238991
936.00 85.151764
936.50 85.065643
937.00 84.967987
937.50 84.897392
938.00 84.798004
938.50 84.706474
939.00 84.622620
939.50 84.528709
940.00 84.445869
940.50 84.337059
941.00 84.258492
941.50 84.166245
942.00 84.069252
942.50 83.971146
943.00 83.885307
943.50 83.781387
944.00 83.695915
944.50 83.609428
945.00 83.502876
945.50 83.411423
946.00 83.307854
946.50 83.207390
947.00 83.105759
947.50 83.000748
948.00 82.907280
948.50 82.812553
949.00 82.700500
949.50 82.590187
950.00 82.491524
950.50 82.388893
951.00 82.296974
951.50 82.182297
952.00 82.076736
952.50 81.962128
953.00 81.858086
953.50 81.755463
954.00 81.647003
954.50 81.548676
955.00 81.429497
955.50 81.305603
956.00 81.201416
956.50 81.082809
957.00 80.977158
957.50 80.861984
958.00 80.755005
958.50 80.633530
959.00 80.513565
959.50 80.409119
960.00 80.292908
960.50 80.187531
961.00 80.066017
961.50 79.929787
962.00 79.806892
962.50 79.693428
963.00 79.570755
963.50 79.471237
964.00 79.335678
964.50 79.215973
965.00 79.102943
965.50 78.952858
966.00 78.841278
966.50 78.723892
967.00 78.604729
967.50 78.470291
968.00 78.344070
968.50 78.206032
969.00 78.077538
969.50 77.953957
970.00 77.822182
970.50 77.697647
971.00 77.557777
971.50 77.419891
972.00 77.283012
972.50 77.161163
973.00 77.026077
973.50 76.884857
974.00 76.756554
974.50 76.610710
975.00 76.455780
975.50 76.326988
976.00 76.192581
976.50 76.046562
977.00 75.903854
977.50 75.754295
978.00 75.614853
978.50 75.455856
979.00 75.329697
979.50 75.175575
980.00 75.027275
980.50 74.872055
981.00 74.722710
981.50 74.582268
982.00 74.422005
982.50 74.266716
983.00 74.126724
983.50 73.960808
984.00 73.803085
984.50 73.641113
985.00 73.482315
985.50 73.334312
986.00 73.191978
986.50 73.019859
987.00 72.858200
987.50 72.675812
988.00 72.522964
988.50 72.364410
989.00 72.204391
989.50 72.043633
990.00 71.854973
990.50 71.679161
991.00 71.507935
991.50 71.350044
992.00 71.180145
992.50 71.001091
993.00 70.831131
993.50 70.652267
994.00 70.489502
994.50 70.297302
995.00 70.127762
995.50 69.963058
996.00 69.782341
996.50 69.586449
997.00 69.399086
997.50 69.215408
998.00 69.042496
998.50 68.856277
999.00 68.677216
999.50 68.493256
1000.00 68.280258
1000.50 68.088547
1001.00 67.908829
1001.50 67.727623
1002.00 67.539825
1002.50 67.347908
1003.00 67.147034
1003.50 66.936226
1004.00 66.741531
1004.50 66.560188
1005.00 66.369743
1005.50 66.163445
1006.00 65.953354
1006.50 65.754501
1007.00 65.547905
1007.50 65.355515
1008.00 65.163406
1008.50 64.959892
1009.00 64.747772
1009.50 64.528915
1010.00 64.326355
1010.50 64.125900
1011.00 63.925682
1011.50 63.720226
1012.00 63.498055
1012.50 63.281662
1013.00 63.064106
1013.50 62.854939
1014.00 62.664898
1014.50 62.437637
1015.00 62.227165
1015.50 61.988110
1016.00 61.772232
1016.50 61.556305
1017.00 61.350014
1017.50 61.135315
1018.00 60.918407
1018.50 60.683292
1019.00 60.462780
1019.50 60.234665
1020.00 60.021423
1020.50 59.812309
1021.00 59.576096
1021.50 59.349091
1022.00 59.111076
1022.50 58.874626
1023.00 58.654819
1023.50 58.433960
1024.00 58.211414
1024.50 57.964279
1025.00 57.719917
1025.50 57.490032
1026.00 57.246918
1026.50 57.031120
1027.00 56.798138
1027.50 56.558830
1028.00 56.312901
1028.50 56.055363
1029.00 55.817669
1029.50 55.583225
1030.00 55.366360
1030.50 55.123718
1031.00 54.859905
1031.50 54.602097
1032.00 54.357105
1032.50 54.124004
1033.00 53.890495
1033.50 53.654366
1034.00 53.395672
1034.50 53.130375
1035.00 52.875553
1035.50 52.633221
1036.00 52.405006
1036.50 52.147854
1037.00 51.903481
1037.50 51.646465
1038.00 51.374405
1038.50 51.118832
1039.00 50.873512
1039.50 50.636791
1040.00 50.378281
1040.50 50.121063
1041.00 49.845081
1041.50 49.576942
1042.00 49.333851
1042.50 49.096325
1043.00 48.836643
1043.50 48.559521
1044.00 48.295620
1044.50 48.029140
1045.00 47.766579
1045.50 47.522202
1046.00 47.274319
1046.50 47.003201
1047.00 46.732746
1047.50 46.454479
1048.00 46.195107
1048.50 45.934666
1049.00 45.684143
1049.50 45.436131
1050.00 45.162544
1050.50 44.869312
1051.00 44.593979
1051.50 44.345821
1052.00 44.084324
1052.50 43.818565
1053.00 43.552742
1053.50 43.262245
1054.00 42.994602
1054.50 42.724712
1055.00 42.478043
1055.50 42.221348
1056.00 41.949459
1056.50 41.677349
1057.00 41.387642
1057.50 41.120018
1058.00 40.866615
1058.50 40.621845
1059.00 40.352486
1059.50 40.065956
1060.00 39.795113
1060.50 39.519081
1061.00 39.256332
1061.50 39.010788
1062.00 38.749905
1062.50 38.467384
1063.00 38.182808
1063.50 37.908028
1064.00 37.652138
1064.50 37.403011
1065.00 37.134434
1065.50 36.867146
1066.00 36.588531
1066.50 36.309525
1067.00 36.041878
1067.50 35.787209
1068.00 35.542961
1068.50 35.277103
1069.00 34.999355
1069.50 34.731491
1070.00 34.453754
1070.50 34.202774
1071.00 33.948402
1071.50 33.694683
1072.00 33.431225
1072.50 33.149296
1073.00 32.871456
1073.50 32.610172
1074.00 32.367046
1074.50 32.116692
1075.00 31.853672
1075.50 31.576971
1076.00 31.294170
1076.50 31.036341
1077.00 30.792866
1077.50 30.551205
1078.00 30.290981
1078.50 30.033470
1079.00 29.757336
1079.50 29.495842
1080.00 29.245430
1080.50 29.007111
1081.00 28.764809
1081.50 28.500071
1082.00 28.241798
1082.50 27.977800
1083.00 27.725237
1083.50 27.487268
1084.00 27.258369
1084.50 27.001453
1085.00 26.742056
1085.50 26.487593
1086.00 26.246340
1086.50 26.002493
1087.00 25.770700
1087.50 25.532379
1088.00 25.278914
1088.50 25.027058
1089.00 24.782919
1089.50 24.556341
1090.00 24.331253
1090.50 24.092806
1091.00 23.855881
1091.50 23.611549
1092.00 23.365805
1092.50 23.137491
1093.00 22.919016
1093.50 22.696278
1094.00 22.464138
1094.50 22.233978
1095.00 21.985897
1095.50 21.761042
1096.00 21.545168
1096.50 21.339045
1097.00 21.111933
1097.50 20.883080
1098.00 20.656000
1098.50 20.423719
1099.00 20.219524
1099.50 20.016783
1100.00 19.808254
