200.00 -0.000637
200.50 -0.000347
201.00 -0.000156
201.50 -0.001111
202.00 -0.000331
202.50 0.000419
203.00 -0.002102
203.50 -0.000189
204.00 -0.001315
204.50 0.000713
205.00 -0.000640
205.50 -0.000629
206.00 -0.000148
206.50 -0.001726
207.00 0.000006
207.50 0.000078
208.00 -0.000556
208.50 -0.000171
209.00 -0.001914
209.50 -0.000102
210.00 0.000191
210.50 -0.001808
211.00 -0.000828
211.50 0.000238
212.00 -0.001337
212.50 0.000347
213.00 -0.000648
213.50 -0.000743
214.00 -0.000683
214.50 0.000458
215.00 -0.000776
215.50 -0.000345
216.00 -0.001053
216.50 0.000283
217.00 -0.000403
217.50 -0.001184
218.00 0.000614
218.50 0.000908
219.00 -0.002080
219.50 -0.000742
220.00 -0.001678
220.50 0.000617
221.00 -0.000395
221.50 -0.000131
222.00 -0.000320
222.50 -0.000134
223.00 -0.000838
223.50 -0.000289
224.00 -0.001736
224.50 0.000073
225.00 0.000915
225.50 -0.001567
226.00 -0.000584
226.50 -0.000860
227.00 0.000060
227.50 -0.000821
228.00 -0.001237
228.50 -0.000108
229.00 -0.000019
229.50 -0.000219
230.00 0.000688
230.50 -0.000702
231.00 0.000292
231.50 -0.000143
232.00 -0.000424
232.50 0.000468
233.00 0.000694
233.50 0.000267
234.00 -0.000870
234.50 -0.000429
235.00 -0.000419
235.50 -0.000831
236.00 -0.000890
236.50 -0.000532
237.00 -0.000177
237.50 -0.001278
238.00 -0.000098
238.50 -0.002294
239.00 -0.000504
239.50 -0.000022
240.00 0.000322
240.50 0.001345
241.00 -0.000290
241.50 -0.000833
242.00 -0.000288
242.50 -0.000561
243.00 -0.001311
243.50 -0.000227
244.00 -0.000571
244.50 0.000926
245.00 0.000650
245.50 0.000219
246.00 0.000200
246.50 -0.000764
247.00 -0.000128
247.50 0.000640
248.00 0.000766
248.50 -0.000778
249.00 -0.001100
249.50 -0.001359
250.00 0.000311
250.50 0.000632
251.00 -0.000141
251.50 -0.001493
252.00 -0.000532
252.50 0.000045
253.00 -0.002280
253.50 -0.000414
254.00 -0.000031
254.50 -0.000686
255.00 -0.000695
255.50 0.000211
256.00 -0.000846
256.50 -0.000396
257.00 -0.000406
257.50 -0.000750
258.00 -0.000629
258.50 0.000414
259.00 -0.000555
259.50 -0.000631
260.00 0.000308
260.50 -0.000722
261.00 -0.000351
261.50 0.000346
262.00 -0.000573
262.50 0.000197
263.00 0.000780
263.50 0.001304
264.00 -0.000231
264.50 0.000758
265.00 0.000625
265.50 0.000363
266.00 -0.000734
266.50 0.000277
267.00 0.000329
267.50 0.001039
268.00 -0.000024
268.50 -0.000169
269.00 -0.000243
269.50 -0.000637
270.00 0.000546
270.50 0.000217
271.00 0.000462
271.50 0.000062
272.00 0.000048
272.50 0.000855
273.00 0.000257
273.50 0.000369
274.00 0.000483
274.50 -0.000288
275.00 0.000206
275.50 0.000581
276.00 0.000115
276.50 0.000100
277.00 0.000526
277.50 -0.000313
278.00 -0.000270
278.50 0.001166
279.00 0.001800
279.50 -0.000008
280.00 0.001085
280.50 0.000401
281.00 -0.000184
281.50 -0.000705
282.00 0.001098
282.50 0.000708
283.00 0.001474
283.50 0.000468
284.00 -0.000544
284.50 0.000606
285.00 0.000026
285.50 -0.000568
286.00 -0.000339
286.50 0.000402
287.00 0.000368
287.50 -0.000209
288.00 0.000270
288.50 0.000506
289.00 0.001010
289.50 0.001150
290.00 0.000419
290.50 0.002027
291.00 0.000828
291.50 -0.000085
292.00 0.001524
292.50 0.000061
293.00 0.001213
293.50 -0.000299
294.00 0.000883
294.50 0.001210
295.00 -0.000234
295.50 0.000905
296.00 0.001580
296.50 0.000380
297.00 0.001196
297.50 0.000644
298.00 0.000180
298.50 0.000346
299.00 0.000392
299.50 0.000314
300.00 0.000491
300.50 0.001327
301.00 -0.000474
301.50 0.000782
302.00 0.001142
302.50 0.000268
303.00 0.001197
303.50 0.000877
304.00 0.000550
304.50 -0.000170
305.00 0.001698
305.50 0.000604
306.00 0.000169
306.50 -0.000212
307.00 0.001634
307.50 0.000259
308.00 0.000059
308.50 0.001510
309.00 0.000290
309.50 0.000827
310.00 0.001029
310.50 0.001328
311.00 0.000408
311.50 0.000275
312.00 0.001012
312.50 0.001133
313.00 -0.000715
313.50 0.001768
314.00 0.000639
314.50 0.000785
315.00 0.001022
315.50 0.001264
316.00 0.000138
316.50 0.001638
317.00 0.000873
317.50 0.000350
318.00 0.001637
318.50 0.001755
319.00 0.001450
319.50 0.000146
320.00 0.001261
320.50 0.001449
321.00 -0.000029
321.50 -0.000915
322.00 0.000183
322.50 0.001268
323.00 0.001328
323.50 0.000574
324.00 0.000627
324.50 0.000552
325.00 0.000706
325.50 0.001876
326.00 0.000781
326.50 0.002256
327.00 0.002016
327.50 0.001641
328.00 0.001258
328.50 0.001390
329.00 0.001272
329.50 0.000654
330.00 0.001267
330.50 0.000381
331.00 0.001261
331.50 0.000612
332.00 0.001455
332.50 0.000602
333.00 0.000530
333.50 0.001893
334.00 0.002277
334.50 0.001839
335.00 -0.000227
335.50 0.001645
336.00 0.001094
336.50 0.000414
337.00 0.001645
337.50 0.000892
338.00 0.000695
338.50 0.000879
339.00 0.001198
339.50 0.001521
340.00 0.000729
340.50 0.001338
341.00 0.000358
341.50 0.001277
342.00 0.002016
342.50 0.001215
343.00 0.001959
343.50 0.000406
344.00 0.001027
344.50 0.001339
345.00 0.001589
345.50 0.001339
346.00 0.001529
346.50 0.001403
347.00 -0.000044
347.50 0.000270
348.00 0.002289
348.50 0.000394
349.00 0.001660
349.50 0.001601
350.00 0.001191
350.50 0.000690
351.00 0.001190
351.50 0.001877
352.00 0.001136
352.50 0.001402
353.00 0.001960
353.50 0.001746
354.00 0.001811
354.50 0.000873
355.00 0.001336
355.50 0.001119
356.00 0.001334
356.50 0.001132
357.00 0.001544
357.50 0.001345
358.00 0.002439
358.50 0.001546
359.00 0.002317
359.50 0.000993
360.00 0.001548
360.50 0.001548
361.00 0.000944
361.50 0.001283
362.00 0.002237
362.50 0.002048
363.00 0.002326
363.50 0.000854
364.00 0.001553
364.50 0.000936
365.00 0.001690
365.50 0.002297
366.00 0.000683
366.50 0.002524
367.00 0.000340
367.50 0.001840
368.00 0.000640
368.50 0.000228
369.00 0.001767
369.50 0.000110
370.00 0.000395
370.50 0.002240
371.00 0.002169
371.50 0.002232
372.00 0.002672
372.50 0.004077
373.00 0.004561
373.50 0.008229
374.00 0.013113
374.50 0.024234
375.00 0.044999
375.50 0.082072
376.00 0.145927
376.50 0.260987
377.00 0.452859
377.50 0.759619
378.00 1.248730
378.50 1.956487
379.00 2.973156
379.50 4.390961
380.00 6.235129
380.50 8.599110
381.00 11.442341
381.50 14.713265
382.00 18.343267
382.50 22.242784
383.00 26.317490
383.50 30.565903
384.00 34.637581
384.50 38.682835
385.00 42.450317
385.50 45.932491
386.00 49.202984
386.50 52.110882
387.00 54.717712
387.50 57.104908
388.00 59.173954
388.50 60.974930
389.00 62.593830
389.50 64.032448
390.00 65.328468
390.50 66.433945
391.00 67.440430
391.50 68.345749
392.00 69.129326
392.50 69.829521
393.00 70.463379
393.50 71.070824
394.00 71.627518
394.50 72.098892
395.00 72.506752
395.50 72.928383
396.00 73.325478
396.50 73.663834
397.00 74.026207
397.50 74.341949
398.00 74.645271
398.50 74.935982
399.00 75.218880
399.50 75.464691
400.00 75.714706
400.50 75.915108
401.00 76.170189
401.50 76.358757
402.00 76.547508
402.50 76.732338
403.00 76.920601
403.50 77.091499
404.00 77.265106
404.50 77.421883
405.00 77.595024
405.50 77.719475
406.00 77.868866
406.50 77.987099
407.00 78.119064
407.50 78.248177
408.00 78.341080
408.50 78.427277
409.00 78.533951
409.50 78.631607
410.00 78.721497
410.50 78.798424
411.00 78.870514
411.50 78.939346
412.00 79.000229
412.50 79.054169
413.00 79.103424
413.50 79.154411
414.00 79.200775
414.50 79.227707
415.00 79.282692
415.50 79.307327
416.00 79.357353
416.50 79.404198
417.00 79.453415
417.50 79.513702
418.00 79.544380
418.50 79.588478
419.00 79.647575
419.50 79.661079
420.00 79.668404
420.50 79.689713
421.00 79.697968
421.50 79.690117
422.00 79.684937
422.50 79.643608
423.00 79.677071
423.50 79.647240
424.00 79.571251
424.50 79.558174
425.00 79.509201
425.50 79.460777
426.00 79.437531
426.50 79.378204
427.00 79.335632
427.50 79.291367
428.00 79.242638
428.50 79.201004
429.00 79.139038
429.50 79.079262
430.00 79.039894
430.50 78.973854
431.00 78.912300
431.50 78.855309
432.00 78.775230
432.50 78.698990
433.00 78.617691
433.50 78.524414
434.00 78.463638
434.50 78.343040
435.00 78.262794
435.50 78.158989
436.00 78.059113
436.50 77.985092
437.00 77.875465
437.50 77.795654
438.00 77.703888
438.50 77.624580
439.00 77.531754
439.50 77.422745
440.00 77.356361
440.50 77.264908
441.00 77.147507
441.50 77.028076
442.00 76.925690
442.50 76.793419
443.00 76.654236
443.50 76.512405
444.00 76.375130
444.50 76.222076
445.00 76.053383
445.50 75.882729
446.00 75.730270
446.50 75.537704
447.00 75.354538
447.50 75.159149
448.00 74.960175
448.50 74.754181
449.00 74.524979
449.50 74.308434
450.00 74.076416
450.50 73.860283
451.00 73.652641
451.50 73.423302
452.00 73.210297
452.50 73.015099
453.00 72.784615
453.50 72.582901
454.00 72.358322
454.50 72.157524
455.00 71.915070
455.50 71.700493
456.00 71.441254
456.50 71.192818
457.00 70.911613
457.50 70.643913
458.00 70.332108
458.50 70.025047
459.00 69.699608
459.50 69.392624
460.00 69.038879
460.50 68.692314
461.00 68.323311
461.50 67.949295
462.00 67.556488
462.50 67.142937
463.00 66.746696
463.50 66.311859
464.00 65.854095
464.50 65.386047
465.00 64.884415
465.50 64.374748
466.00 63.814789
466.50 63.258118
467.00 62.669308
467.50 62.063210
468.00 61.443138
468.50 60.805355
469.00 60.147812
469.50 59.478165
470.00 58.783764
470.50 58.097290
471.00 57.416870
471.50 56.721783
472.00 55.998653
472.50 55.308361
473.00 54.577332
473.50 53.852184
474.00 53.135162
474.50 52.376015
475.00 51.645733
475.50 50.919098
476.00 50.161507
476.50 49.390083
477.00 48.630817
477.50 47.866680
478.00 47.103321
478.50 46.319668
479.00 45.569614
479.50 44.761017
480.00 43.974197
480.50 43.187344
481.00 42.386456
481.50 41.588860
482.00 40.802799
482.50 39.984779
483.00 39.206760
483.50 38.411827
484.00 37.614727
484.50 36.847256
485.00 36.057205
485.50 35.286957
486.00 34.519993
486.50 33.760674
487.00 33.019936
487.50 32.296276
488.00 31.569439
488.50 30.865845
489.00 30.173939
489.50 29.503199
490.00 28.830627
490.50 28.173292
491.00 27.549454
491.50 26.934820
492.00 26.321211
492.50 25.746758
493.00 25.166304
493.50 24.611334
494.00 24.084314
494.50 23.540520
495.00 23.047810
495.50 22.559725
496.00 22.083044
496.50 21.626137
497.00 21.184231
497.50 20.755718
498.00 20.321495
498.50 19.891018
499.00 19.468775
499.50 19.049732
500.00 18.614933
500.50 18.193052
501.00 17.749626
501.50 17.306973
502.00 16.853188
502.50 16.375988
503.00 15.907614
503.50 15.433943
504.00 14.947011
504.50 14.474052
505.00 13.984325
505.50 13.512792
506.00 13.053133
506.50 12.593156
507.00 12.158580
507.50 11.728222
508.00 11.306568
508.50 10.910285
509.00 10.526816
509.50 10.158257
510.00 9.814854
510.50 9.480935
511.00 9.150234
511.50 8.840753
512.00 8.529756
512.50 8.234343
513.00 7.952644
513.50 7.669175
514.00 7.398884
514.50 7.128242
515.00 6.864010
515.50 6.604870
516.00 6.347425
516.50 6.102743
517.00 5.857594
517.50 5.615401
518.00 5.388920
518.50 5.156366
519.00 4.932483
519.50 4.720544
520.00 4.507157
520.50 4.308933
521.00 4.107953
521.50 3.914051
522.00 3.730541
522.50 3.557629
523.00 3.388067
523.50 3.223989
524.00 3.067621
524.50 2.917911
525.00 2.776194
525.50 2.640545
526.00 2.512292
526.50 2.391057
527.00 2.277126
527.50 2.170695
528.00 2.068594
528.50 1.976394
529.00 1.888395
529.50 1.805805
530.00 1.731033
530.50 1.658714
531.00 1.592131
531.50 1.531370
532.00 1.475509
532.50 1.425877
533.00 1.377411
533.50 1.333616
534.00 1.293795
534.50 1.256781
535.00 1.225167
535.50 1.194953
536.00 1.167918
536.50 1.143485
537.00 1.121749
537.50 1.101834
538.00 1.084969
538.50 1.068955
539.00 1.056009
539.50 1.047977
540.00 1.036952
540.50 1.030733
541.00 1.027191
541.50 1.023628
542.00 1.023852
542.50 1.025954
543.00 1.031114
543.50 1.036428
544.00 1.044174
544.50 1.055858
545.00 1.067498
545.50 1.082538
546.00 1.105590
546.50 1.124202
547.00 1.149372
547.50 1.174058
548.00 1.202042
548.50 1.234205
549.00 1.266726
549.50 1.303040
550.00 1.340048
550.50 1.383296
551.00 1.423819
551.50 1.467371
552.00 1.511956
552.50 1.558233
553.00 1.603392
553.50 1.650694
554.00 1.695885
554.50 1.738749
555.00 1.782095
555.50 1.821637
556.00 1.861081
556.50 1.892751
557.00 1.923222
557.50 1.952766
558.00 1.972478
558.50 1.990278
559.00 2.002644
559.50 2.013771
560.00 2.016823
560.50 2.017267
561.00 2.009737
561.50 2.001530
562.00 1.986880
562.50 1.968800
563.00 1.946646
563.50 1.918905
564.00 1.890331
564.50 1.857162
565.00 1.821935
565.50 1.777629
566.00 1.736610
566.50 1.688166
567.00 1.638822
567.50 1.589766
568.00 1.534521
568.50 1.481509
569.00 1.420168
569.50 1.367321
570.00 1.307380
570.50 1.250624
571.00 1.190333
571.50 1.131900
572.00 1.071773
572.50 1.013498
573.00 0.953620
573.50 0.898135
574.00 0.842752
574.50 0.788768
575.00 0.736279
575.50 0.686622
576.00 0.637143
576.50 0.589569
577.00 0.546937
577.50 0.504541
578.00 0.466279
578.50 0.429112
579.00 0.393855
579.50 0.362033
580.00 0.330096
580.50 0.302355
581.00 0.274196
581.50 0.250709
582.00 0.228134
582.50 0.208804
583.00 0.187609
583.50 0.172710
584.00 0.157603
584.50 0.143363
585.00 0.129566
585.50 0.118904
586.00 0.108060
586.50 0.102002
587.00 0.092566
587.50 0.086844
588.00 0.078906
588.50 0.074397
589.00 0.070304
589.50 0.066086
590.00 0.061730
590.50 0.059557
591.00 0.057463
591.50 0.053324
592.00 0.052532
592.50 0.051974
593.00 0.049205
593.50 0.049188
594.00 0.046060
594.50 0.047309
595.00 0.045032
595.50 0.046345
596.00 0.046395
596.50 0.046769
597.00 0.047173
597.50 0.045901
598.00 0.045751
598.50 0.046074
599.00 0.046676
599.50 0.047143
600.00 0.048377
600.50 0.047128
601.00 0.047277
601.50 0.047313
602.00 0.048271
602.50 0.047755
603.00 0.047813
603.50 0.047396
604.00 0.047486
604.50 0.047344
605.00 0.047776
605.50 0.048584
606.00 0.046746
606.50 0.046664
607.00 0.047227
607.50 0.046093
608.00 0.046215
608.50 0.044953
609.00 0.045491
609.50 0.044113
610.00 0.044306
610.50 0.043225
611.00 0.042201
611.50 0.042185
612.00 0.041518
612.50 0.041046
613.00 0.041463
613.50 0.040137
614.00 0.038758
614.50 0.039133
615.00 0.038062
615.50 0.038191
616.00 0.037143
616.50 0.034609
617.00 0.036573
617.50 0.034349
618.00 0.034970
618.50 0.032835
619.00 0.032387
619.50 0.031694
620.00 0.030753
620.50 0.031593
621.00 0.030182
621.50 0.028608
622.00 0.028282
622.50 0.027811
623.00 0.026651
623.50 0.025639
624.00 0.025640
624.50 0.023074
625.00 0.022052
625.50 0.022990
626.00 0.021156
626.50 0.021001
627.00 0.019758
627.50 0.016661
628.00 0.017774
628.50 0.019016
629.00 0.016000
629.50 0.016880
630.00 0.015678
630.50 0.014121
631.00 0.013380
631.50 0.013957
632.00 0.012149
632.50 0.013199
633.00 0.011664
633.50 0.013846
634.00 0.011235
634.50 0.011250
635.00 0.010821
635.50 0.009745
636.00 0.008534
636.50 0.006978
637.00 0.008313
637.50 0.008848
638.00 0.009167
638.50 0.008425
639.00 0.007477
639.50 0.006334
640.00 0.006662
640.50 0.007133
641.00 0.006631
641.50 0.005581
642.00 0.004745
642.50 0.005153
643.00 0.006731
643.50 0.005215
644.00 0.005076
644.50 0.006176
645.00 0.004803
645.50 0.004187
646.00 0.004880
646.50 0.004187
647.00 0.003989
647.50 0.003735
648.00 0.003676
648.50 0.005135
649.00 0.003429
649.50 0.003305
650.00 0.004518
650.50 0.003929
651.00 0.005704
651.50 0.004368
652.00 0.004388
652.50 0.005195
653.00 0.006231
653.50 0.003890
654.00 0.004844
654.50 0.003527
655.00 0.002797
655.50 0.004973
656.00 0.004191
656.50 0.004351
657.00 0.005649
657.50 0.004613
658.00 0.005741
658.50 0.004932
659.00 0.005537
659.50 0.005119
660.00 0.004889
660.50 0.005567
661.00 0.005046
661.50 0.004361
662.00 0.005744
662.50 0.005730
663.00 0.006530
663.50 0.006455
664.00 0.007122
664.50 0.005644
665.00 0.006647
665.50 0.008083
666.00 0.007178
666.50 0.009283
667.00 0.007974
667.50 0.008807
668.00 0.009645
668.50 0.009967
669.00 0.008304
669.50 0.010636
670.00 0.009774
670.50 0.009015
671.00 0.011161
671.50 0.012135
672.00 0.012291
672.50 0.012517
673.00 0.014076
673.50 0.013362
674.00 0.013016
674.50 0.014873
675.00 0.016268
675.50 0.016983
676.00 0.016804
676.50 0.016760
677.00 0.017045
677.50 0.018435
678.00 0.018428
678.50 0.018942
679.00 0.021102
679.50 0.021576
680.00 0.022555
680.50 0.022068
681.00 0.021883
681.50 0.023869
682.00 0.024491
682.50 0.024883
683.00 0.025079
683.50 0.026177
684.00 0.026427
684.50 0.025894
685.00 0.026784
685.50 0.026656
686.00 0.028880
686.50 0.027859
687.00 0.029229
687.50 0.029086
688.00 0.029048
688.50 0.028528
689.00 0.028861
689.50 0.028744
690.00 0.029867
690.50 0.028950
691.00 0.028974
691.50 0.029370
692.00 0.029423
692.50 0.029072
693.00 0.028496
693.50 0.028446
694.00 0.029264
694.50 0.028806
695.00 0.028290
695.50 0.027769
696.00 0.026727
696.50 0.027468
697.00 0.026148
697.50 0.026063
698.00 0.025644
698.50 0.025606
699.00 0.023708
699.50 0.024347
700.00 0.023703
700.50 0.023046
701.00 0.022842
701.50 0.021314
702.00 0.021203
702.50 0.020507
703.00 0.019009
703.50 0.020121
704.00 0.019109
704.50 0.017113
705.00 0.016347
705.50 0.018346
706.00 0.016539
706.50 0.016527
707.00 0.015334
707.50 0.013343
708.00 0.014620
708.50 0.012729
709.00 0.013737
709.50 0.013609
710.00 0.012729
710.50 0.013211
711.00 0.008975
711.50 0.011308
712.00 0.010821
712.50 0.009646
713.00 0.008099
713.50 0.009774
714.00 0.008683
714.50 0.008771
715.00 0.007323
715.50 0.007801
716.00 0.008010
716.50 0.006705
717.00 0.006844
717.50 0.006587
718.00 0.007446
718.50 0.005359
719.00 0.005538
719.50 0.006621
720.00 0.002980
720.50 0.004573
721.00 0.006019
721.50 0.003929
722.00 0.004634
722.50 0.003710
723.00 0.003734
723.50 0.003899
724.00 0.004107
724.50 0.003114
725.00 0.003534
725.50 0.004031
726.00 0.003647
726.50 0.003116
727.00 0.003835
727.50 0.001589
728.00 0.002654
728.50 0.001591
729.00 0.001590
729.50 0.001109
730.00 0.002216
730.50 0.001659
731.00 0.002071
731.50 0.002593
732.00 0.001256
732.50 0.002547
733.00 0.001799
733.50 0.002359
734.00 0.001450
734.50 0.001320
735.00 0.001129
735.50 0.001393
736.00 -0.000043
736.50 -0.000199
737.00 0.001245
737.50 0.001665
738.00 0.002075
738.50 0.000602
739.00 -0.000149
739.50 -0.000306
740.00 0.000772
740.50 0.001944
741.00 0.001034
741.50 -0.000176
742.00 0.000075
742.50 0.000661
743.00 0.000379
743.50 0.001738
744.00 -0.000623
744.50 0.000124
745.00 -0.000888
745.50 -0.000124
746.00 -0.000074
746.50 0.001535
747.00 0.000299
747.50 0.000005
748.00 0.000830
748.50 0.001105
749.00 0.000295
749.50 0.000937
750.00 -0.000357
750.50 0.000510
751.00 -0.000332
751.50 0.000975
752.00 -0.001157
752.50 -0.000451
753.00 -0.000189
753.50 0.000599
754.00 0.000178
754.50 -0.000872
755.00 -0.001527
755.50 0.000481
756.00 -0.000957
756.50 0.000505
757.00 0.000808
757.50 -0.000085
758.00 -0.000379
758.50 -0.000403
759.00 -0.000990
759.50 0.000187
760.00 0.000090
760.50 -0.000473
761.00 0.000322
761.50 -0.000310
762.00 -0.000469
762.50 -0.000282
763.00 0.000265
763.50 0.000752
764.00 -0.002214
764.50 -0.000205
765.00 -0.000498
765.50 -0.000589
766.00 -0.000472
766.50 -0.000002
767.00 -0.000589
767.50 -0.001548
768.00 -0.001864
768.50 0.000947
769.00 0.000871
769.50 -0.000519
770.00 -0.000473
770.50 -0.000778
771.00 -0.000519
771.50 -0.001191
772.00 0.000086
772.50 -0.001088
773.00 0.001695
773.50 -0.001495
774.00 0.000364
774.50 0.002050
775.00 -0.000236
775.50 0.000933
776.00 0.000617
776.50 -0.001030
777.00 -0.000232
777.50 0.000236
778.00 -0.000060
778.50 -0.001145
779.00 -0.000814
779.50 -0.000667
780.00 0.000348
780.50 -0.000211
781.00 -0.000093
781.50 0.000447
782.00 0.000928
782.50 -0.001214
783.00 -0.000021
783.50 0.000324
784.00 -0.000124
784.50 0.000477
785.00 0.000258
785.50 -0.000103
786.00 -0.000963
786.50 0.000003
787.00 -0.000872
787.50 0.000549
788.00 -0.001378
788.50 0.000211
789.00 -0.001383
789.50 -0.001066
790.00 -0.000813
790.50 0.000436
791.00 -0.000790
791.50 -0.000380
792.00 -0.000765
792.50 -0.000618
793.00 0.000065
793.50 -0.000711
794.00 0.000035
794.50 -0.000967
795.00 -0.000778
795.50 -0.001879
796.00 -0.000318
796.50 0.001054
797.00 -0.000872
797.50 -0.000225
798.00 0.000510
798.50 0.000270
799.00 -0.000433
799.50 -0.001301
800.00 -0.000445
800.50 0.001065
801.00 0.000774
801.50 0.000626
802.00 -0.000033
802.50 -0.001135
803.00 -0.001145
803.50 0.000089
804.00 -0.001018
804.50 0.000343
805.00 -0.000214
805.50 -0.000431
806.00 -0.000580
806.50 0.000108
807.00 -0.001659
807.50 -0.000687
808.00 -0.001269
808.50 -0.000571
809.00 -0.000369
809.50 -0.001396
810.00 -0.000177
810.50 -0.000923
811.00 0.000654
811.50 0.000344
812.00 -0.000221
812.50 -0.000584
813.00 -0.001094
813.50 0.000937
814.00 0.000430
814.50 -0.001024
815.00 -0.001195
815.50 -0.000469
816.00 -0.000747
816.50 -0.000081
817.00 -0.000240
817.50 -0.000473
818.00 -0.000212
818.50 -0.001751
819.00 0.000240
819.50 0.000211
820.00 0.000467
820.50 -0.000671
821.00 0.000077
821.50 -0.000236
822.00 -0.000541
822.50 0.000814
823.00 -0.000038
823.50 -0.000919
824.00 0.000181
824.50 0.000620
825.00 -0.001680
825.50 -0.000478
826.00 0.000196
826.50 -0.000123
827.00 -0.001809
827.50 0.000504
828.00 0.000042
828.50 -0.000338
829.00 -0.001079
829.50 -0.001172
830.00 -0.000797
830.50 -0.000308
831.00 0.000416
831.50 0.002103
832.00 0.000446
832.50 -0.000824
833.00 -0.000529
833.50 0.000232
834.00 -0.000841
834.50 -0.000281
835.00 0.000006
835.50 -0.000463
836.00 -0.000177
836.50 -0.000231
837.00 -0.001296
837.50 -0.000808
838.00 -0.001057
838.50 0.000426
839.00 -0.000387
839.50 -0.000922
840.00 0.000233
840.50 0.000504
841.00 -0.000164
841.50 -0.000030
842.00 0.000309
842.50 -0.001023
843.00 0.000908
843.50 0.000906
844.00 -0.001953
844.50 -0.000230
845.00 -0.000363
845.50 -0.000767
846.00 -0.001233
846.50 -0.000772
847.00 -0.000712
847.50 -0.000180
848.00 -0.000447
848.50 -0.000126
849.00 -0.000587
849.50 0.001096
850.00 0.000313
850.50 0.000112
851.00 -0.000614
851.50 -0.001475
852.00 0.000154
852.50 -0.000181
853.00 0.000473
853.50 0.000077
854.00 -0.000878
854.50 -0.000062
855.00 -0.000456
855.50 -0.000146
856.00 -0.000866
856.50 -0.000685
857.00 -0.000368
857.50 -0.000113
858.00 -0.000690
858.50 -0.000193
859.00 -0.000141
859.50 -0.000082
860.00 0.000293
860.50 -0.001067
861.00 -0.000171
861.50 -0.000114
862.00 -0.000556
862.50 -0.000253
863.00 -0.000327
863.50 0.000364
864.00 -0.001935
864.50 -0.000477
865.00 -0.000805
865.50 -0.001269
866.00 -0.000565
866.50 -0.000865
867.00 0.000379
867.50 0.001006
868.00 -0.001948
868.50 -0.001135
869.00 -0.000011
869.50 -0.000395
870.00 -0.001097
870.50 -0.000525
871.00 0.000293
871.50 -0.000086
872.00 -0.000024
872.50 0.000547
873.00 0.000484
873.50 -0.000785
874.00 0.000100
874.50 0.000166
875.00 0.000039
875.50 0.000803
876.00 -0.000773
876.50 -0.000265
877.00 -0.000508
877.50 0.000123
878.00 -0.000562
878.50 -0.000968
879.00 -0.000951
879.50 -0.000051
880.00 0.000407
880.50 -0.000476
881.00 0.000611
881.50 -0.000954
882.00 -0.000497
882.50 -0.001236
883.00 -0.001926
883.50 -0.000229
884.00 -0.001671
884.50 0.001294
885.00 0.000144
885.50 -0.000017
886.00 -0.000985
886.50 0.000076
887.00 0.000151
887.50 0.000170
888.00 0.001307
888.50 -0.002249
889.00 -0.000605
889.50 0.000109
890.00 0.000322
890.50 -0.000105
891.00 -0.001721
891.50 0.000058
892.00 0.000471
892.50 -0.000771
893.00 -0.001034
893.50 -0.001382
894.00 -0.001276
894.50 -0.001098
895.00 -0.002748
895.50 -0.001494
896.00 -0.002538
896.50 -0.001992
897.00 0.000078
897.50 -0.003108
898.00 0.001039
898.50 0.001222
899.00 -0.001382
899.50 -0.003284
900.00 -0.004452
900.50 -0.002810
901.00 -0.004672
901.50 -0.000916
902.00 -0.004393
902.50 -0.002586
903.00 -0.001273
903.50 -0.005729
904.00 -0.003272
904.50 -0.003816
905.00 -0.001815
905.50 -0.002591
906.00 -0.006509
906.50 -0.006230
907.00 -0.007566
907.50 -0.001713
908.00 0.001761
908.50 -0.002379
909.00 -0.003284
909.50 -0.004083
910.00 -0.005355
910.50 -0.004701
911.00 -0.007648
911.50 -0.004335
912.00 -0.005091
912.50 -0.005650
913.00 -0.002128
913.50 -0.005603
914.00 -0.004080
914.50 -0.003613
915.00 -0.003385
915.50 -0.006027
916.00 -0.003176
916.50 -0.003221
917.00 -0.003405
917.50 -0.004021
918.00 -0.005582
918.50 -0.004661
919.00 -0.004480
919.50 -0.004395
920.00 -0.003496
920.50 -0.000911
921.00 -0.004811
921.50 -0.005778
922.00 -0.003648
922.50 -0.005360
923.00 -0.002901
923.50 -0.004813
924.00 -0.005852
924.50 -0.007938
925.00 -0.000319
925.50 -0.003492
926.00 -0.005434
926.50 -0.001296
927.00 -0.000746
927.50 -0.008865
928.00 -0.001712
928.50 -0.002746
929.00 -0.004421
929.50 -0.004192
930.00 -0.003415
930.50 -0.001042
931.00 -0.001739
931.50 -0.004233
932.00 -0.008932
932.50 -0.008803
933.00 -0.004276
933.50 -0.005168
934.00 -0.002214
934.50 -0.006084
935.00 -0.002721
935.50 -0.000625
936.00 0.000013
936.50 -0.004000
937.00 -0.002183
937.50 -0.004953
938.00 -0.002564
938.50 -0.001206
939.00 -0.005044
939.50 -0.007475
940.00 -0.006301
940.50 -0.001113
941.00 -0.004358
941.50 -0.008978
942.00 -0.007657
942.50 -0.004056
943.00 -0.006105
943.50 -0.000782
944.00 -0.001489
944.50 -0.006442
945.00 -0.004846
945.50 -0.001439
946.00 -0.001382
946.50 -0.003706
947.00 -0.006845
947.50 -0.001050
948.00 -0.007497
948.50 -0.003116
949.00 -0.004072
949.50 -0.002105
950.00 -0.003772
950.50 -0.004285
951.00 -0.006565
951.50 -0.002369
952.00 -0.001729
952.50 -0.008208
953.00 -0.004830
953.50 -0.005463
954.00 0.000517
954.50 -0.004976
955.00 -0.007499
955.50 -0.002372
956.00 -0.006991
956.50 -0.006421
957.00 -0.005625
957.50 -0.001350
958.00 -0.004853
958.50 -0.002422
959.00 -0.006503
959.50 -0.005140
960.00 -0.005004
960.50 -0.004290
961.00 -0.003956
961.50 -0.005067
962.00 -0.004398
962.50 -0.006341
963.00 -0.004365
963.50 -0.008681
964.00 -0.006285
964.50 -0.003443
965.00 -0.002571
965.50 -0.006256
966.00 -0.003092
966.50 -0.003305
967.00 -0.002055
967.50 -0.005862
968.00 -0.001479
968.50 -0.001762
969.00 -0.005937
969.50 -0.001828
970.00 -0.008919
970.50 -0.006548
971.00 -0.006130
971.50 -0.001264
972.00 -0.004686
972.50 -0.008303
973.00 -0.001086
973.50 -0.004281
974.00 -0.006503
974.50 -0.002173
975.00 -0.004749
975.50 -0.005263
976.00 -0.001643
976.50 -0.000788
977.00 -0.006805
977.50 -0.008499
978.00 -0.002663
978.50 -0.004341
979.00 -0.004907
979.50 -0.002550
980.00 -0.007049
980.50 -0.004661
981.00 -0.005202
981.50 -0.005220
982.00 -0.005641
982.50 -0.006318
983.00 -0.007246
983.50 -0.002518
984.00 -0.006628
984.50 -0.002707
985.00 -0.009332
985.50 -0.005420
986.00 -0.005346
986.50 -0.008770
987.00 -0.002326
987.50 -0.005909
988.00 -0.000293
988.50 -0.002706
989.00 -0.005431
989.50 -0.006968
990.00 -0.001646
990.50 -0.007779
991.00 -0.004746
991.50 -0.002434
992.00 -0.003428
992.50 -0.006447
993.00 -0.001613
993.50 -0.001593
994.00 -0.008737
994.50 -0.005916
995.00 -0.003825
995.50 -0.004351
996.00 -0.007918
996.50 -0.003845
997.00 -0.004787
997.50 -0.006552
998.00 -0.005800
998.50 -0.005887
999.00 -0.007808
999.50 -0.005865
1000.00 -0.007590
1000.50 -0.002322
1001.00 -0.005277
1001.50 -0.007229
1002.00 -0.000183
1002.50 -0.005661
1003.00 -0.007455
1003.50 -0.005616
1004.00 -0.003700
1004.50 -0.003167
1005.00 -0.008711
1005.50 -0.003731
1006.00 -0.006619
1006.50 -0.007552
1007.00 -0.005069
1007.50 0.001952
1008.00 -0.004112
1008.50 -0.005189
1009.00 -0.005873
1009.50 -0.001101
1010.00 -0.008406
1010.50 -0.005672
1011.00 -0.002798
1011.50 -0.007381
1012.00 -0.007134
1012.50 -0.003212
1013.00 -0.005716
1013.50 -0.001942
1014.00 -0.002760
1014.50 -0.006407
1015.00 -0.005671
1015.50 -0.002849
1016.00 -0.008428
1016.50 -0.005783
1017.00 -0.006076
1017.50 -0.005227
1018.00 -0.006768
1018.50 -0.002761
1019.00 -0.003260
1019.50 -0.007370
1020.00 -0.004745
1020.50 -0.006436
1021.00 -0.006110
1021.50 -0.006527
1022.00 -0.003346
1022.50 -0.003007
1023.00 -0.005496
1023.50 -0.003069
1024.00 -0.007193
1024.50 -0.006194
1025.00 -0.005053
1025.50 -0.004711
1026.00 -0.007913
1026.50 -0.004328
1027.00 -0.004130
1027.50 -0.004846
1028.00 -0.007946
1028.50 -0.005668
1029.00 -0.002515
1029.50 -0.010478
1030.00 -0.006184
1030.50 -0.004884
1031.00 -0.005090
1031.50 -0.006770
1032.00 -0.005834
1032.50 -0.007603
1033.00 -0.006351
1033.50 -0.004029
1034.00 -0.008397
1034.50 -0.006648
1035.00 -0.005278
1035.50 -0.006522
1036.00 -0.005503
1036.50 -0.006235
1037.00 -0.003279
1037.50 -0.007119
1038.00 -0.004859
1038.50 -0.005234
1039.00 -0.004229
1039.50 -0.003103
1040.00 -0.006651
1040.50 -0.008998
1041.00 -0.006892
1041.50 -0.004836
1042.00 -0.002418
1042.50 -0.008981
1043.00 -0.004408
1043.50 -0.001067
1044.00 -0.007885
1044.50 -0.007292
1045.00 -0.004062
1045.50 -0.006490
1046.00 -0.004054
1046.50 -0.006455
1047.00 -0.003580
1047.50 -0.006500
1048.00 -0.002323
1048.50 -0.003860
1049.00 -0.006934
1049.50 -0.004745
1050.00 -0.006733
1050.50 -0.007054
1051.00 -0.002251
1051.50 -0.008908
1052.00 -0.009494
1052.50 -0.003427
1053.00 -0.004076
1053.50 -0.007850
1054.00 -0.006127
1054.50 -0.002719
1055.00 -0.004838
1055.50 -0.004135
1056.00 -0.008387
1056.50 -0.005988
1057.00 -0.003269
1057.50 -0.002758
1058.00 -0.006816
1058.50 -0.006056
1059.00 -0.005533
1059.50 -0.006713
1060.00 -0.004551
1060.50 -0.010265
1061.00 -0.005901
1061.50 -0.005193
1062.00 -0.005982
1062.50 -0.009978
1063.00 -0.005071
1063.50 -0.006014
1064.00 -0.006818
1064.50 -0.004778
1065.00 -0.006919
1065.50 -0.006201
1066.00 -0.003541
1066.50 -0.007803
1067.00 -0.011257
1067.50 -0.009117
1068.00 -0.008161
1068.50 -0.005923
1069.00 -0.007280
1069.50 -0.004596
1070.00 -0.002881
1070.50 -0.006445
1071.00 -0.009088
1071.50 -0.005389
1072.00 -0.003054
1072.50 -0.003327
1073.00 -0.006183
1073.50 -0.006051
1074.00 -0.004138
1074.50 -0.004302
1075.00 -0.003386
1075.50 -0.002695
1076.00 -0.007305
1076.50 -0.005994
1077.00 -0.006468
1077.50 -0.007379
1078.00 -0.004127
1078.50 -0.005543
1079.00 -0.004393
1079.50 -0.007836
1080.00 -0.009024
1080.50 -0.005275
1081.00 -0.006670
1081.50 -0.005600
1082.00 -0.005749
1082.50 -0.004851
1083.00 -0.004312
1083.50 -0.004008
1084.00 -0.004373
1084.50 -0.007214
1085.00 -0.002619
1085.50 -0.004873
1086.00 -0.008250
1086.50 -0.007919
1087.00 -0.003898
1087.50 -0.004491
1088.00 -0.006860
1088.50 -0.005713
1089.00 -0.006439
1089.50 -0.009745
1090.00 -0.005756
1090.50 -0.005393
1091.00 -0.005720
1091.50 -0.006395
1092.00 -0.006178
1092.50 -0.007298
1093.00 -0.006424
1093.50 -0.007710
1094.00 -0.007094
1094.50 -0.004610
1095.00 -0.002913
1095.50 -0.002937
1096.00 -0.003551
1096.50 -0.011398
1097.00 -0.005906
1097.50 -0.003796
1098.00 -0.007723
1098.50 -0.003541
1099.00 -0.005594
1099.50 -0.005903
1100.00 -0.007269
