200.00 -0.002123
200.50 -0.002598
201.00 -0.001799
201.50 -0.000790
202.00 0.001540
202.50 0.000815
203.00 -0.001482
203.50 -0.000512
204.00 -0.001571
204.50 0.001112
205.00 -0.001531
205.50 -0.000878
206.00 -0.003089
206.50 -0.000316
207.00 -0.000475
207.50 0.000467
208.00 -0.000327
208.50 0.000695
209.00 0.000579
209.50 -0.000188
210.00 -0.001348
210.50 0.001408
211.00 0.001094
211.50 0.001243
212.00 -0.000643
212.50 0.000267
213.00 -0.000277
213.50 -0.000063
214.00 -0.000537
214.50 0.000221
215.00 0.001167
215.50 0.000253
216.00 0.000925
216.50 -0.000759
217.00 -0.000335
217.50 -0.001268
218.00 -0.000001
218.50 -0.000565
219.00 -0.001413
219.50 -0.001116
220.00 -0.000856
220.50 -0.000294
221.00 -0.000179
221.50 -0.001113
222.00 -0.000096
222.50 -0.000214
223.00 -0.000032
223.50 -0.000584
224.00 -0.000337
224.50 -0.000310
225.00 -0.000728
225.50 0.000335
226.00 -0.001675
226.50 -0.001310
227.00 0.000285
227.50 -0.000300
228.00 -0.001317
228.50 0.000475
229.00 -0.000240
229.50 -0.000006
230.00 -0.001699
230.50 -0.000255
231.00 -0.000161
231.50 -0.001115
232.00 -0.000428
232.50 -0.000706
233.00 0.000038
233.50 0.000409
234.00 -0.000086
234.50 -0.000504
235.00 -0.000989
235.50 -0.000765
236.00 0.000227
236.50 -0.002559
237.00 0.000306
237.50 -0.000798
238.00 -0.000170
238.50 0.000866
239.00 -0.000164
239.50 -0.000503
240.00 -0.000501
240.50 -0.000431
241.00 -0.001043
241.50 -0.000292
242.00 0.000593
242.50 -0.001654
243.00 -0.000771
243.50 -0.000775
244.00 -0.001189
244.50 -0.000922
245.00 -0.000307
245.50 0.000138
246.00 0.000838
246.50 -0.001601
247.00 -0.000580
247.50 -0.000583
248.00 0.001022
248.50 0.000248
249.00 -0.000911
249.50 -0.000204
250.00 0.000116
250.50 -0.001042
251.00 -0.000208
251.50 -0.001047
252.00 -0.000857
252.50 -0.000474
253.00 0.000104
253.50 -0.000805
254.00 -0.001265
254.50 0.000091
255.00 0.000346
255.50 -0.001362
256.00 -0.000126
256.50 0.000262
257.00 0.000454
257.50 -0.000686
258.00 -0.001234
258.50 0.000218
259.00 -0.001625
259.50 -0.000697
260.00 -0.000203
260.50 0.000489
261.00 0.000031
261.50 0.000150
262.00 -0.000251
262.50 -0.000461
263.00 -0.000873
263.50 -0.001024
264.00 -0.000878
264.50 -0.000492
265.00 0.000246
265.50 -0.000210
266.00 -0.000545
266.50 0.001306
267.00 -0.000128
267.50 -0.001455
268.00 -0.000027
268.50 0.001176
269.00 0.000314
269.50 0.001308
270.00 0.000227
270.50 -0.000232
271.00 -0.000443
271.50 -0.001631
272.00 0.000899
272.50 0.000217
273.00 0.000317
273.50 -0.001504
274.00 -0.000903
274.50 -0.001623
275.00 -0.000436
275.50 -0.000067
276.00 0.001026
276.50 0.000032
277.00 -0.000305
277.50 -0.000005
278.00 -0.000648
278.50 -0.001052
279.00 0.000776
279.50 -0.000140
280.00 0.000038
280.50 0.000018
281.00 -0.001112
281.50 -0.001770
282.00 -0.000356
282.50 0.000131
283.00 0.000177
283.50 -0.000477
284.00 0.000127
284.50 -0.001011
285.00 -0.000416
285.50 -0.000188
286.00 -0.001377
286.50 0.000400
287.00 -0.000002
287.50 -0.001208
288.00 -0.000237
288.50 0.000697
289.00 -0.001089
289.50 0.000861
290.00 0.000048
290.50 -0.001540
291.00 -0.000634
291.50 0.000364
292.00 -0.000293
292.50 -0.000489
293.00 -0.000335
293.50 0.000390
294.00 0.000308
294.50 -0.000157
295.00 -0.000660
295.50 -0.000876
296.00 0.000894
296.50 0.000126
297.00 -0.000663
297.50 -0.000729
298.00 0.000300
298.50 -0.001687
299.00 -0.000670
299.50 0.000123
300.00 -0.001109
300.50 0.000582
301.00 -0.001682
301.50 -0.001474
302.00 -0.000583
302.50 -0.000605
303.00 -0.000376
303.50 0.000304
304.00 -0.001118
304.50 -0.000690
305.00 -0.000115
305.50 -0.000789
306.00 -0.000077
306.50 -0.000399
307.00 0.001013
307.50 -0.001308
308.00 -0.000574
308.50 0.000745
309.00 0.000417
309.50 0.000951
310.00 0.001811
310.50 0.003515
311.00 0.006784
311.50 0.008936
312.00 0.016810
312.50 0.026739
313.00 0.038829
313.50 0.058186
314.00 0.081571
314.50 0.114803
315.00 0.156836
315.50 0.210599
316.00 0.279882
316.50 0.369305
317.00 0.473890
317.50 0.603389
318.00 0.758495
318.50 0.939034
319.00 1.149824
319.50 1.392202
320.00 1.664429
320.50 1.988285
321.00 2.334328
321.50 2.726125
322.00 3.163928
322.50 3.632610
323.00 4.155768
323.50 4.708729
324.00 5.308749
324.50 5.955428
325.00 6.623749
325.50 7.340934
326.00 8.104711
326.50 8.891338
327.00 9.731628
327.50 10.582396
328.00 11.465308
328.50 12.381113
329.00 13.309195
329.50 14.265047
330.00 15.276216
330.50 16.264156
331.00 17.290293
331.50 18.329361
332.00 19.364216
332.50 20.432713
333.00 21.488516
333.50 22.553471
334.00 23.624176
334.50 24.680996
335.00 25.750525
335.50 26.830589
336.00 27.903008
336.50 28.971592
337.00 29.999029
337.50 31.009218
338.00 32.058052
338.50 33.055012
339.00 34.112339
339.50 35.085648
340.00 36.062386
340.50 37.010910
341.00 37.945644
341.50 38.875610
342.00 39.790012
342.50 40.673885
343.00 41.557770
343.50 42.396580
344.00 43.250748
344.50 44.092960
345.00 44.861324
345.50 45.661678
346.00 46.457565
346.50 47.210400
347.00 47.924751
347.50 48.656269
348.00 49.344109
348.50 50.033920
349.00 50.726200
349.50 51.378368
350.00 52.007137
350.50 52.616489
351.00 53.193081
351.50 53.787899
352.00 54.353653
352.50 54.910107
353.00 55.428951
353.50 55.924110
354.00 56.419754
354.50 56.887825
355.00 57.354259
355.50 57.794888
356.00 58.230053
356.50 58.658855
357.00 59.073372
357.50 59.454548
358.00 59.825714
358.50 60.192413
359.00 60.496223
359.50 60.839165
360.00 61.169510
360.50 61.434834
361.00 61.734615
361.50 61.982147
362.00 62.229496
362.50 62.478912
363.00 62.700909
363.50 62.890022
364.00 63.078751
364.50 63.261581
365.00 63.406521
365.50 63.541286
366.00 63.652515
366.50 63.783085
367.00 63.868584
367.50 63.934433
368.00 64.009979
368.50 64.028244
369.00 64.078667
369.50 64.048241
370.00 64.032669
370.50 63.969696
371.00 63.945507
371.50 63.865807
372.00 63.753902
372.50 63.620609
373.00 63.449001
373.50 63.271393
374.00 63.058777
374.50 62.821327
375.00 62.555737
375.50 62.257229
376.00 61.923706
376.50 61.602371
377.00 61.193474
377.50 60.772610
378.00 60.306107
378.50 59.830200
379.00 59.307743
379.50 58.747627
380.00 58.129223
380.50 57.460732
381.00 56.817108
381.50 56.040554
382.00 55.289967
382.50 54.503345
383.00 53.658093
383.50 52.764969
384.00 51.855721
384.50 50.881332
385.00 49.897324
385.50 48.845638
386.00 47.751781
386.50 46.649570
387.00 45.506912
387.50 44.308228
388.00 43.108894
388.50 41.862530
389.00 40.585430
389.50 39.293175
390.00 37.951084
390.50 36.591377
391.00 35.238396
391.50 33.848831
392.00 32.499481
392.50 31.116169
393.00 29.713202
393.50 28.349346
394.00 26.949394
394.50 25.581964
395.00 24.245052
395.50 22.906910
396.00 21.612387
396.50 20.327677
397.00 19.070906
397.50 17.867092
398.00 16.689119
398.50 15.564910
399.00 14.459326
399.50 13.385341
400.00 12.403056
400.50 11.429684
401.00 10.511323
401.50 9.656138
402.00 8.836316
402.50 8.070027
403.00 7.342842
403.50 6.658742
404.00 6.040538
404.50 5.465524
405.00 4.922123
405.50 4.430787
406.00 3.974035
406.50 3.560458
407.00 3.178602
407.50 2.827890
408.00 2.516303
408.50 2.229534
409.00 1.970628
409.50 1.740254
410.00 1.531782
410.50 1.346175
411.00 1.181166
411.50 1.030933
412.00 0.899741
412.50 0.783335
413.00 0.679432
413.50 0.591308
414.00 0.514260
414.50 0.442544
415.00 0.382284
415.50 0.330433
416.00 0.282408
416.50 0.244374
417.00 0.209412
417.50 0.178471
418.00 0.152423
418.50 0.132151
419.00 0.112747
419.50 0.094406
420.00 0.082091
420.50 0.070828
421.00 0.059652
421.50 0.052920
422.00 0.042660
422.50 0.036708
423.00 0.031106
423.50 0.026876
424.00 0.022535
424.50 0.017860
425.00 0.015593
425.50 0.014942
426.00 0.011400
426.50 0.009780
427.00 0.008662
427.50 0.006979
428.00 0.006564
428.50 0.005151
429.00 0.003693
429.50 0.003306
430.00 0.002826
430.50 0.003038
431.00 0.002512
431.50 0.001557
432.00 0.000834
432.50 0.000769
433.00 0.003055
433.50 0.002362
434.00 0.000505
434.50 0.001408
435.00 0.001929
435.50 0.000530
436.00 0.000611
436.50 0.001634
437.00 -0.000890
437.50 0.000129
438.00 0.000424
438.50 0.000644
439.00 0.000439
439.50 -0.000329
440.00 -0.001000
440.50 0.000662
441.00 -0.000450
441.50 0.000895
442.00 -0.000873
442.50 0.000094
443.00 -0.000264
443.50 0.000910
444.00 0.000913
444.50 0.000122
445.00 -0.000807
445.50 -0.000726
446.00 -0.001432
446.50 -0.000851
447.00 -0.000485
447.50 -0.000626
448.00 0.000361
448.50 -0.000612
449.00 0.000519
449.50 -0.001121
450.00 -0.001262
450.50 -0.000363
451.00 -0.000432
451.50 -0.001388
452.00 -0.001012
452.50 -0.000564
453.00 0.000396
453.50 -0.000114
454.00 0.000329
454.50 -0.000764
455.00 -0.001633
455.50 0.001210
456.00 0.001356
456.50 -0.000599
457.00 -0.001101
457.50 -0.000880
458.00 -0.001741
458.50 -0.001015
459.00 0.000642
459.50 -0.000217
460.00 0.000717
460.50 0.000719
461.00 0.000765
461.50 -0.000479
462.00 -0.001082
462.50 -0.000093
463.00 -0.000848
463.50 -0.001146
464.00 0.000745
464.50 -0.000308
465.00 0.000823
465.50 0.000524
466.00 0.000151
466.50 0.000228
467.00 -0.001864
467.50 -0.000066
468.00 -0.000064
468.50 -0.000285
469.00 -0.001695
469.50 -0.001022
470.00 -0.000498
470.50 0.000912
471.00 -0.000270
471.50 -0.000488
472.00 -0.001075
472.50 0.000181
473.00 -0.000038
473.50 0.000993
474.00 -0.000985
474.50 0.000410
475.00 -0.000392
475.50 0.000925
476.00 -0.000459
476.50 -0.001620
477.00 -0.000161
477.50 -0.000449
478.00 -0.000228
478.50 -0.000876
479.00 0.000500
479.50 0.000863
480.00 0.000216
480.50 -0.000429
481.00 0.000795
481.50 0.000581
482.00 0.000368
482.50 -0.000845
483.00 0.000158
483.50 0.001158
484.00 0.000234
484.50 0.001373
485.00 -0.000471
485.50 -0.000184
486.00 -0.000889
486.50 0.000740
487.00 0.000036
487.50 0.000531
488.00 -0.000523
488.50 -0.000238
489.00 -0.001358
489.50 0.000398
490.00 -0.000160
490.50 0.000331
491.00 -0.002249
491.50 0.000195
492.00 -0.000429
492.50 -0.000218
493.00 0.000479
493.50 -0.000352
494.00 -0.000003
494.50 -0.001039
495.00 -0.000759
495.50 -0.001654
496.00 0.000350
496.50 -0.000269
497.00 -0.000266
497.50 -0.000883
498.00 -0.001224
498.50 -0.000809
499.00 -0.000874
499.50 0.001386
500.00 -0.000049
500.50 -0.000047
501.00 -0.001684
501.50 -0.000181
502.00 0.000366
502.50 0.000640
503.00 0.000981
503.50 0.000234
504.00 -0.001055
504.50 -0.000713
505.00 0.000915
505.50 0.000848
506.00 -0.000099
506.50 0.000241
507.00 -0.000975
507.50 0.000851
508.00 -0.001308
508.50 -0.001306
509.00 -0.000159
509.50 0.001123
510.00 0.000315
510.50 0.000585
511.00 0.000787
511.50 0.000788
512.00 -0.001093
512.50 0.000117
513.00 -0.000150
513.50 0.000320
514.00 -0.000216
514.50 0.000992
515.00 -0.000281
515.50 -0.000281
516.00 -0.001016
516.50 -0.000012
517.00 -0.000279
517.50 -0.000412
518.00 -0.000345
518.50 0.000793
519.00 -0.001080
519.50 0.001596
520.00 -0.000009
520.50 -0.000878
521.00 -0.000677
521.50 -0.000142
522.00 -0.000008
522.50 0.000393
523.00 -0.000744
523.50 0.000259
524.00 -0.000075
524.50 -0.000410
525.00 -0.001346
525.50 -0.000879
526.00 -0.001147
526.50 0.001127
527.00 -0.000211
527.50 -0.001349
528.00 0.000123
528.50 0.000323
529.00 0.000121
529.50 -0.000415
530.00 -0.001288
530.50 -0.000350
531.00 -0.000284
531.50 0.000319
532.00 -0.000287
532.50 0.000452
533.00 -0.000088
533.50 -0.001302
534.00 -0.001102
534.50 0.000785
535.00 -0.000500
535.50 -0.000367
536.00 0.000241
536.50 -0.000507
537.00 0.000305
537.50 -0.002145
538.00 -0.000516
538.50 -0.000042
539.00 -0.000523
539.50 0.000636
540.00 -0.000258
540.50 0.000150
541.00 -0.000266
541.50 0.001317
542.00 -0.001594
542.50 0.000620
543.00 -0.001477
543.50 0.000191
544.00 -0.000734
544.50 0.000316
545.00 -0.000047
545.50 0.000161
546.00 0.000802
546.50 -0.001211
547.00 0.000440
547.50 0.000224
548.00 0.000104
548.50 0.000513
549.00 -0.000404
549.50 -0.000097
550.00 0.000821
550.50 -0.001240
551.00 -0.001390
551.50 -0.000473
552.00 0.000443
552.50 0.000824
553.00 -0.000468
553.50 -0.000239
554.00 -0.000617
554.50 0.000978
555.00 0.001054
555.50 0.000069
556.00 0.001131
556.50 0.001055
557.00 -0.000760
557.50 -0.000910
558.00 -0.000153
558.50 -0.000605
559.00 0.000679
559.50 -0.000301
560.00 0.001208
560.50 -0.000526
561.00 0.000303
561.50 0.000831
562.00 -0.000978
562.50 -0.000377
563.00 0.000452
563.50 0.000072
564.00 0.000599
564.50 -0.000012
565.00 -0.001152
565.50 -0.001301
566.00 0.001205
566.50 -0.000983
567.00 0.000908
567.50 0.000239
568.00 -0.000792
568.50 0.000184
569.00 -0.000832
569.50 -0.000536
570.00 0.000061
570.50 -0.000425
571.00 -0.000934
571.50 -0.000081
572.00 0.000909
572.50 -0.001540
573.00 0.000184
573.50 -0.001337
574.00 0.000614
574.50 0.000667
575.00 0.000450
575.50 0.000014
576.00 0.000031
576.50 0.000561
577.00 -0.002216
577.50 0.000291
578.00 -0.001118
578.50 -0.001973
579.00 -0.000171
579.50 -0.001319
580.00 -0.000083
580.50 -0.000358
581.00 -0.000624
581.50 -0.000733
582.00 -0.000242
582.50 -0.000586
583.00 -0.001285
583.50 0.000166
584.00 -0.000686
584.50 -0.000348
585.00 -0.000895
585.50 -0.000696
586.00 -0.001622
586.50 0.000376
587.00 -0.000399
587.50 -0.000062
588.00 -0.001059
588.50 0.001274
589.00 -0.002155
589.50 -0.001058
590.00 -0.001315
590.50 0.000237
591.00 -0.001730
591.50 -0.001005
592.00 -0.000283
592.50 -0.000979
593.00 -0.001237
593.50 0.001281
594.00 0.000114
594.50 0.000540
595.00 -0.000606
595.50 -0.000274
596.00 -0.000026
596.50 -0.000651
597.00 0.000019
597.50 -0.000241
598.00 -0.001262
598.50 0.000485
599.00 0.000564
599.50 -0.000643
600.00 0.000780
600.50 -0.000216
601.00 -0.001138
601.50 -0.001327
602.00 0.000463
602.50 -0.000526
603.00 -0.001318
603.50 0.000727
604.00 -0.000467
604.50 0.000058
605.00 -0.000214
605.50 -0.001628
606.00 0.000440
606.50 -0.000379
607.00 -0.001481
607.50 -0.000612
608.00 0.000960
608.50 0.001582
609.00 0.000925
609.50 -0.000144
610.00 -0.000694
610.50 -0.000780
611.00 -0.000596
611.50 -0.000408
612.00 -0.000355
612.50 0.000326
613.00 -0.000525
613.50 -0.000893
614.00 -0.000484
614.50 -0.000569
615.00 -0.000367
615.50 -0.000233
616.00 -0.000751
616.50 -0.000325
617.00 0.000033
617.50 -0.000635
618.00 0.000390
618.50 0.000165
619.00 0.000236
619.50 -0.000509
620.00 -0.000363
620.50 0.000156
621.00 -0.000290
621.50 -0.000884
622.00 -0.000363
622.50 -0.001399
623.00 -0.001541
623.50 -0.000279
624.00 -0.000200
624.50 -0.000121
625.00 -0.000994
625.50 -0.000182
626.00 0.000189
626.50 -0.001684
627.00 -0.000446
627.50 0.000710
628.00 0.000980
628.50 0.000210
629.00 -0.000306
629.50 -0.000145
630.00 -0.000356
630.50 0.001272
631.00 0.000034
631.50 0.000841
632.00 -0.001386
632.50 -0.000276
633.00 -0.001302
633.50 0.000065
634.00 -0.000148
634.50 -0.001542
635.00 -0.001301
635.50 -0.000115
636.00 -0.000104
636.50 -0.000021
637.00 -0.000371
637.50 -0.000646
638.00 -0.000208
638.50 -0.000907
639.00 0.000231
639.50 0.000237
640.00 -0.001294
640.50 -0.000310
641.00 0.001569
641.50 0.000047
642.00 0.000258
642.50 -0.001187
643.00 -0.000977
643.50 -0.000837
644.00 0.000471
644.50 -0.000973
645.00 -0.000424
645.50 -0.000151
646.00 0.000122
646.50 0.000098
647.00 -0.001624
647.50 0.000723
648.00 -0.001119
648.50 0.000123
649.00 -0.000546
649.50 -0.000290
650.00 0.000503
650.50 -0.000648
651.00 0.000083
651.50 0.000209
652.00 -0.000419
652.50 -0.001378
653.00 0.000329
653.50 -0.000872
654.00 0.000307
654.50 -0.001254
655.00 0.000282
655.50 -0.001957
656.00 0.000007
656.50 -0.000605
657.00 -0.000095
657.50 -0.000046
658.00 0.000116
658.50 -0.001425
659.00 -0.000537
659.50 -0.000430
660.00 0.000831
660.50 -0.001019
661.00 -0.000649
661.50 -0.000148
662.00 0.000029
662.50 0.000553
663.00 -0.000701
663.50 0.000061
664.00 -0.000830
664.50 -0.000255
665.00 0.000376
665.50 -0.001183
666.00 -0.000691
666.50 -0.000048
667.00 -0.000690
667.50 -0.000132
668.00 0.000109
668.50 -0.000522
669.00 -0.001155
669.50 -0.000654
670.00 -0.000823
670.50 -0.000250
671.00 -0.000220
671.50 -0.000324
672.00 -0.000486
672.50 -0.000923
673.00 -0.000949
673.50 0.000072
674.00 -0.000351
674.50 -0.000853
675.00 -0.000284
675.50 -0.000322
676.00 -0.000417
676.50 0.000834
677.00 -0.000812
677.50 -0.000055
678.00 -0.000147
678.50 -0.000106
679.00 0.000347
679.50 -0.000974
680.00 0.000786
680.50 -0.000968
681.00 -0.000327
681.50 -0.001627
682.00 -0.000457
682.50 -0.000088
683.00 -0.000045
683.50 0.001233
684.00 0.000701
684.50 0.001379
685.00 0.000098
685.50 -0.001083
686.00 0.000105
686.50 0.001250
687.00 0.001911
687.50 0.000766
688.00 0.000548
688.50 0.001645
689.00 0.002458
689.50 0.002174
690.00 0.003523
690.50 0.003412
691.00 0.005570
691.50 0.005492
692.00 0.005286
692.50 0.005939
693.00 0.007290
693.50 0.008308
694.00 0.007792
694.50 0.009532
695.00 0.011448
695.50 0.011718
696.00 0.013775
696.50 0.014326
697.00 0.015519
697.50 0.015834
698.00 0.017109
698.50 0.019301
699.00 0.020232
699.50 0.021277
700.00 0.022451
700.50 0.025749
701.00 0.026944
701.50 0.026916
702.00 0.029178
702.50 0.029952
703.00 0.031175
703.50 0.033665
704.00 0.034463
704.50 0.035088
705.00 0.037209
705.50 0.037575
706.00 0.038419
706.50 0.041337
707.00 0.041761
707.50 0.042055
708.00 0.043653
708.50 0.044442
709.00 0.044432
709.50 0.045906
710.00 0.045836
710.50 0.046580
711.00 0.047918
711.50 0.046654
712.00 0.046789
712.50 0.048422
713.00 0.047912
713.50 0.048742
714.00 0.046978
714.50 0.048868
715.00 0.047908
715.50 0.047687
716.00 0.047533
716.50 0.047545
717.00 0.047663
717.50 0.046390
718.00 0.046674
718.50 0.045190
719.00 0.044881
719.50 0.042445
720.00 0.043903
720.50 0.043209
721.00 0.041936
721.50 0.040463
722.00 0.042766
722.50 0.040913
723.00 0.039651
723.50 0.038349
724.00 0.036949
724.50 0.036924
725.00 0.036553
725.50 0.036069
726.00 0.034751
726.50 0.033487
727.00 0.033421
727.50 0.033350
728.00 0.032094
728.50 0.030501
729.00 0.030302
729.50 0.028982
730.00 0.028680
730.50 0.029198
731.00 0.027544
731.50 0.026329
732.00 0.026751
732.50 0.024995
733.00 0.023955
733.50 0.024280
734.00 0.024122
734.50 0.022858
735.00 0.021801
735.50 0.021977
736.00 0.021528
736.50 0.021820
737.00 0.019752
737.50 0.020736
738.00 0.019123
738.50 0.018347
739.00 0.018006
739.50 0.018130
740.00 0.017277
740.50 0.016062
741.00 0.017007
741.50 0.015673
742.00 0.015143
742.50 0.015104
743.00 0.014231
743.50 0.014860
744.00 0.013895
744.50 0.012071
745.00 0.012595
745.50 0.010898
746.00 0.012480
746.50 0.011652
747.00 0.012453
747.50 0.011607
748.00 0.009964
748.50 0.009987
749.00 0.010015
749.50 0.010515
750.00 0.009531
750.50 0.008593
751.00 0.008186
751.50 0.007212
752.00 0.009185
752.50 0.007443
753.00 0.007411
753.50 0.007137
754.00 0.006587
754.50 0.006091
755.00 0.007535
755.50 0.005907
756.00 0.005957
756.50 0.006797
757.00 0.005241
757.50 0.005349
758.00 0.006902
758.50 0.003976
759.00 0.003371
759.50 0.004250
760.00 0.003623
760.50 0.003706
761.00 0.004273
761.50 0.003611
762.00 0.002937
762.50 0.003232
763.00 0.003535
763.50 0.003196
764.00 0.002175
764.50 0.002634
765.00 0.002918
765.50 0.003897
766.00 0.001479
766.50 0.002323
767.00 0.002402
767.50 0.001834
768.00 0.002806
768.50 0.001961
769.00 0.002512
769.50 0.000171
770.00 0.002042
770.50 0.001621
771.00 0.003264
771.50 -0.000111
772.00 0.003373
772.50 0.001151
773.00 0.001969
773.50 0.000377
774.00 0.000854
774.50 0.000916
775.00 0.001553
775.50 0.000307
776.00 0.000482
776.50 0.001425
777.00 0.001147
777.50 0.000932
778.00 0.001065
778.50 0.000063
779.00 0.001268
779.50 0.000794
780.00 0.000821
780.50 0.001428
781.00 -0.000439
781.50 0.000237
782.00 0.001068
782.50 -0.000362
783.00 -0.000742
783.50 -0.000403
784.00 -0.000196
784.50 0.000817
785.00 0.000878
785.50 -0.000453
786.00 -0.000333
786.50 0.000215
787.00 -0.000731
787.50 0.000331
788.00 -0.000117
788.50 0.000551
789.00 0.000677
789.50 -0.000096
790.00 0.001218
790.50 -0.000273
791.00 0.000352
791.50 0.000700
792.00 0.000617
792.50 -0.000549
793.00 -0.000141
793.50 0.000741
794.00 0.000523
794.50 0.000230
795.00 -0.001208
795.50 0.000418
796.00 0.000987
796.50 -0.000338
797.00 0.000678
797.50 -0.000226
798.00 0.000885
798.50 0.000269
799.00 0.000947
799.50 0.000492
800.00 -0.001384
800.50 -0.000308
801.00 -0.000604
801.50 -0.000029
802.00 0.000622
802.50 -0.000846
803.00 -0.000120
803.50 -0.000409
804.00 0.000279
804.50 0.000136
805.00 0.000336
805.50 -0.001612
806.00 -0.000025
806.50 -0.000944
807.00 0.001013
807.50 -0.000972
808.00 0.000008
808.50 0.000500
809.00 -0.000372
809.50 -0.001690
810.00 -0.000398
810.50 -0.000186
811.00 0.000488
811.50 -0.000414
812.00 0.000608
812.50 -0.000517
813.00 -0.000957
813.50 0.000581
814.00 -0.000287
814.50 0.000128
815.00 -0.000324
815.50 0.000940
816.00 -0.000681
816.50 0.000678
817.00 -0.001148
817.50 0.000232
818.00 -0.000855
818.50 -0.000019
819.00 -0.001093
819.50 -0.000678
820.00 -0.000571
820.50 -0.000251
821.00 -0.000208
821.50 -0.001390
822.00 0.000584
822.50 0.000265
823.00 -0.000247
823.50 -0.000847
824.00 -0.000997
824.50 0.000213
825.00 -0.000989
825.50 -0.001112
826.00 0.000984
826.50 -0.000194
827.00 -0.000983
827.50 -0.000478
828.00 -0.000234
828.50 0.000408
829.00 0.000238
829.50 -0.000081
830.00 -0.000258
830.50 -0.000101
831.00 -0.001418
831.50 -0.001235
832.00 -0.000583
832.50 0.000058
833.00 -0.000326
833.50 -0.000249
834.00 -0.000840
834.50 0.000461
835.00 -0.000826
835.50 -0.000393
836.00 -0.000927
836.50 0.000583
837.00 -0.001227
837.50 -0.000072
838.00 -0.001583
838.50 0.000016
839.00 -0.000180
839.50 -0.000716
840.00 -0.000305
840.50 -0.000571
841.00 0.000039
841.50 0.000106
842.00 -0.000889
842.50 -0.000089
843.00 -0.000219
843.50 0.000907
844.00 -0.000954
844.50 0.000504
845.00 0.000371
845.50 -0.001362
846.00 -0.000565
846.50 -0.000902
847.00 -0.000374
847.50 -0.000433
848.00 -0.000507
848.50 0.000264
849.00 -0.000453
849.50 -0.000070
850.00 0.000054
850.50 -0.000927
851.00 -0.000546
851.50 -0.000357
852.00 -0.000698
852.50 0.000087
853.00 0.000012
853.50 -0.000052
854.00 0.000205
854.50 -0.000187
855.00 -0.000835
855.50 -0.001108
856.00 0.000172
856.50 0.000942
857.00 -0.000430
857.50 0.000542
858.00 0.000080
858.50 -0.001203
859.00 0.000245
859.50 -0.000206
860.00 -0.000993
860.50 0.000872
861.00 -0.000298
861.50 -0.001540
862.00 -0.000427
862.50 0.000192
863.00 0.000058
863.50 -0.000268
864.00 0.000110
864.50 -0.000345
865.00 -0.001378
865.50 0.000412
866.00 -0.000368
866.50 0.000387
867.00 -0.001370
867.50 -0.000242
868.00 0.000316
868.50 0.000438
869.00 0.000373
869.50 0.001189
870.00 -0.000836
870.50 -0.000587
871.00 0.000042
871.50 -0.000147
872.00 -0.001096
872.50 -0.000716
873.00 0.000676
873.50 -0.000400
874.00 -0.000022
874.50 -0.000272
875.00 -0.000713
875.50 0.000049
876.00 -0.000392
876.50 -0.000448
877.00 -0.000316
877.50 -0.001436
878.00 -0.000743
878.50 -0.000321
879.00 -0.000055
879.50 -0.000429
880.00 0.000284
880.50 0.000096
881.00 0.000864
881.50 -0.000136
882.00 0.000851
882.50 0.000258
883.00 -0.002171
883.50 0.001048
884.00 -0.000341
884.50 0.000181
885.00 0.000212
885.50 -0.000328
886.00 -0.000589
886.50 -0.002361
887.00 -0.000101
887.50 0.000928
888.00 0.002056
888.50 0.000332
889.00 0.000665
889.50 -0.000709
890.00 -0.001098
890.50 -0.001315
891.00 0.000802
891.50 0.000129
892.00 -0.000105
892.50 -0.001021
893.00 -0.001096
893.50 -0.001306
894.00 0.001684
894.50 -0.004494
895.00 0.001490
895.50 0.000438
896.00 -0.002412
896.50 -0.001139
897.00 0.000850
897.50 -0.001210
898.00 0.001103
898.50 0.000359
899.00 -0.000286
899.50 -0.004680
900.00 -0.007374
900.50 -0.007148
901.00 -0.005415
901.50 -0.008923
902.00 -0.007315
902.50 -0.007630
903.00 -0.002975
903.50 -0.007630
904.00 -0.008187
904.50 -0.009534
905.00 -0.006613
905.50 -0.005585
906.00 -0.005078
906.50 -0.005715
907.00 -0.009319
907.50 -0.007333
908.00 -0.005629
908.50 -0.009642
909.00 -0.007382
909.50 -0.003198
910.00 -0.008365
910.50 -0.007415
911.00 -0.006910
911.50 -0.005924
912.00 -0.003548
912.50 -0.007031
913.00 -0.005564
913.50 -0.004761
914.00 -0.006846
914.50 -0.007352
915.00 -0.007842
915.50 -0.004643
916.00 -0.005659
916.50 -0.009920
917.00 -0.007661
917.50 -0.007178
918.00 -0.005120
918.50 -0.006136
919.00 -0.005415
919.50 -0.005088
920.00 -0.010281
920.50 -0.006018
921.00 -0.007033
921.50 -0.007246
922.00 -0.008263
922.50 -0.004996
923.00 -0.004281
923.50 -0.007745
924.00 -0.009821
924.50 -0.003247
925.00 -0.005378
925.50 -0.009170
926.00 -0.005087
926.50 -0.004335
927.00 -0.007052
927.50 -0.006947
928.00 -0.006825
928.50 -0.008796
929.00 -0.002549
929.50 -0.008104
930.00 -0.007875
930.50 -0.007770
931.00 -0.005473
931.50 -0.005749
932.00 -0.007092
932.50 -0.008936
933.00 -0.005972
933.50 -0.006071
934.00 -0.007419
934.50 -0.005303
935.00 -0.005241
935.50 -0.005763
936.00 -0.006476
936.50 -0.009362
937.00 -0.001564
937.50 -0.010582
938.00 -0.007228
938.50 -0.003860
939.00 -0.007723
939.50 -0.006904
940.00 -0.007632
940.50 -0.007406
941.00 -0.005224
941.50 -0.004925
942.00 -0.004966
942.50 -0.007771
943.00 -0.007825
943.50 -0.004646
944.00 -0.008375
944.50 -0.010591
945.00 -0.005441
945.50 -0.002739
946.00 -0.003236
946.50 -0.011304
947.00 -0.005735
947.50 -0.000259
948.00 -0.006493
948.50 -0.012300
949.00 -0.008273
949.50 -0.003068
950.00 -0.008668
950.50 -0.008613
951.00 -0.009129
951.50 -0.006604
952.00 -0.011413
952.50 -0.006867
953.00 -0.002153
953.50 -0.004705
954.00 -0.007622
954.50 -0.007932
955.00 -0.004524
955.50 -0.005563
956.00 -0.009328
956.50 -0.008888
957.00 -0.003591
957.50 -0.007504
958.00 -0.008719
958.50 -0.003239
959.00 -0.005699
959.50 -0.008066
960.00 -0.006871
960.50 -0.007317
961.00 -0.003626
961.50 -0.007626
962.00 -0.005954
962.50 -0.007990
963.00 -0.005424
963.50 -0.005661
964.00 -0.004050
964.50 -0.005895
965.00 -0.009354
965.50 -0.007846
966.00 -0.006315
966.50 -0.004790
967.00 -0.008414
967.50 -0.010819
968.00 -0.004139
968.50 -0.005740
969.00 -0.008127
969.50 -0.007362
970.00 -0.004896
970.50 -0.006589
971.00 -0.010679
971.50 -0.006467
972.00 -0.003948
972.50 -0.010026
973.00 -0.006609
973.50 -0.006315
974.00 -0.009008
974.50 -0.009977
975.00 -0.007398
975.50 -0.008536
976.00 -0.009531
976.50 -0.007381
977.00 -0.008273
977.50 -0.011553
978.00 -0.004752
978.50 -0.004300
979.00 -0.010716
979.50 -0.006893
980.00 -0.004572
980.50 -0.009353
981.00 -0.010812
981.50 -0.003645
982.00 -0.005643
982.50 -0.013624
983.00 -0.009066
983.50 -0.006779
984.00 -0.006695
984.50 -0.011657
985.00 -0.007667
985.50 -0.007552
986.00 -0.011792
986.50 -0.006850
987.00 -0.004804
987.50 -0.005864
988.00 -0.006519
988.50 -0.005451
989.00 -0.007164
989.50 -0.008426
990.00 -0.011277
990.50 -0.005078
991.00 -0.003672
991.50 -0.008693
992.00 -0.004794
992.50 -0.005547
993.00 -0.009166
993.50 -0.006447
994.00 -0.005207
994.50 -0.008098
995.00 -0.007712
995.50 -0.006479
996.00 -0.004725
996.50 -0.008384
997.00 -0.006372
997.50 -0.007881
998.00 -0.007662
998.50 -0.009438
999.00 -0.006251
999.50 -0.005685
1000.00 -0.007617
1000.50 -0.011386
1001.00 -0.005743
1001.50 -0.009125
1002.00 -0.009248
1002.50 -0.009820
1003.00 -0.007530
1003.50 -0.006407
1004.00 -0.002892
1004.50 -0.007916
1005.00 -0.008024
1005.50 -0.007629
1006.00 -0.008241
1006.50 -0.005598
1007.00 -0.010453
1007.50 -0.005774
1008.00 -0.007948
1008.50 -0.005846
1009.00 -0.006877
1009.50 -0.009979
1010.00 -0.007410
1010.50 -0.010314
1011.00 -0.004622
1011.50 -0.010236
1012.00 -0.009809
1012.50 -0.010507
1013.00 -0.008868
1013.50 -0.007038
1014.00 -0.011855
1014.50 -0.010869
1015.00 -0.005065
1015.50 -0.006137
1016.00 -0.009937
1016.50 -0.010631
1017.00 -0.008673
1017.50 -0.008946
1018.00 -0.005871
1018.50 -0.007589
1019.00 -0.010293
1019.50 -0.008412
1020.00 -0.006712
1020.50 -0.010679
1021.00 -0.009206
1021.50 -0.007436
1022.00 -0.007595
1022.50 -0.009192
1023.00 -0.008860
1023.50 -0.007996
1024.00 -0.009696
1024.50 -0.008188
1025.00 -0.005096
1025.50 -0.008648
1026.00 -0.008277
1026.50 -0.010399
1027.00 -0.008418
1027.50 -0.010130
1028.00 -0.004538
1028.50 -0.005369
1029.00 -0.008380
1029.50 -0.012744
1030.00 -0.005340
1030.50 0.000318
1031.00 -0.009142
1031.50 -0.011419
1032.00 -0.009088
1032.50 -0.006678
1033.00 -0.008468
1033.50 -0.011695
1034.00 -0.007389
1034.50 -0.004523
1035.00 -0.009433
1035.50 -0.007921
1036.00 -0.009102
1036.50 -0.007626
1037.00 -0.007049
1037.50 -0.006837
1038.00 -0.009565
1038.50 -0.007379
1039.00 -0.005181
1039.50 -0.007487
1040.00 -0.008559
1040.50 -0.004612
1041.00 -0.007976
1041.50 -0.011285
1042.00 -0.006632
1042.50 -0.005626
1043.00 -0.007770
1043.50 -0.007418
1044.00 -0.005179
1044.50 -0.008529
1045.00 -0.006455
1045.50 -0.009603
1046.00 -0.008608
1046.50 -0.008031
1047.00 -0.006711
1047.50 -0.009454
1048.00 -0.007928
1048.50 -0.009686
1049.00 -0.004527
1049.50 -0.003547
1050.00 -0.008944
1050.50 -0.009218
1051.00 -0.007694
1051.50 -0.006399
1052.00 -0.005985
1052.50 -0.004484
1053.00 -0.007148
1053.50 -0.005506
1054.00 -0.008488
1054.50 -0.007354
1055.00 -0.008163
1055.50 -0.005906
1056.00 -0.006255
1056.50 -0.009479
1057.00 -0.012095
1057.50 -0.005205
1058.00 -0.005603
1058.50 -0.006474
1059.00 -0.008841
1059.50 -0.007412
1060.00 -0.005694
1060.50 -0.006429
1061.00 -0.006177
1061.50 -0.006518
1062.00 -0.013579
1062.50 -0.006190
1063.00 -0.007697
1063.50 -0.007241
1064.00 -0.013706
1064.50 -0.006995
1065.00 -0.007578
1065.50 -0.009150
1066.00 -0.007190
1066.50 -0.005639
1067.00 -0.008356
1067.50 -0.008512
1068.00 -0.006669
1068.50 -0.006801
1069.00 -0.009185
1069.50 -0.006259
1070.00 -0.003559
1070.50 -0.012667
1071.00 -0.006661
1071.50 -0.005772
1072.00 -0.010572
1072.50 -0.010315
1073.00 -0.007269
1073.50 -0.006936
1074.00 -0.007367
1074.50 -0.007727
1075.00 -0.009505
1075.50 -0.007600
1076.00 -0.007081
1076.50 -0.009486
1077.00 -0.007874
1077.50 -0.006174
1078.00 -0.008372
1078.50 -0.008635
1079.00 -0.012447
1079.50 -0.007840
1080.00 -0.006567
1080.50 -0.005698
1081.00 -0.008671
1081.50 -0.009631
1082.00 -0.005417
1082.50 -0.006434
1083.00 -0.008455
1083.50 -0.007125
1084.00 -0.007362
1084.50 -0.007379
1085.00 -0.009030
1085.50 -0.005237
1086.00 -0.007873
1086.50 -0.010100
1087.00 -0.004090
1087.50 -0.006693
1088.00 -0.008897
1088.50 -0.008655
1089.00 -0.008605
1089.50 -0.007234
1090.00 -0.004054
1090.50 -0.008121
1091.00 -0.006017
1091.50 -0.007052
1092.00 -0.006053
1092.50 -0.006728
1093.00 -0.008752
1093.50 -0.006228
1094.00 -0.010011
1094.50 -0.006665
1095.00 -0.009131
1095.50 -0.005645
1096.00 -0.006876
1096.50 -0.010566
1097.00 -0.011542
1097.50 -0.007052
1098.00 -0.005781
1098.50 -0.009649
1099.00 -0.008704
1099.50 -0.006393
1100.00 -0.008003
