200.00 -0.000807
200.50 -0.000756
201.00 -0.001274
201.50 -0.000679
202.00 0.000249
202.50 -0.000367
203.00 -0.000765
203.50 0.000875
204.00 -0.000650
204.50 -0.002078
205.00 0.000090
205.50 -0.001795
206.00 0.000492
206.50 -0.001781
207.00 0.000409
207.50 -0.000929
208.00 -0.000149
208.50 -0.000000
209.00 -0.001260
209.50 -0.001191
210.00 -0.000405
210.50 0.000117
211.00 -0.000964
211.50 0.000016
212.00 -0.001008
212.50 -0.000393
213.00 0.000120
213.50 0.000637
214.00 0.001774
214.50 0.000158
215.00 -0.000464
215.50 -0.000933
216.00 -0.000356
216.50 -0.000912
217.00 -0.000248
217.50 0.000107
218.00 -0.001808
218.50 0.000451
219.00 0.001378
219.50 -0.000748
220.00 -0.002015
220.50 -0.001032
221.00 0.001744
221.50 0.000250
222.00 -0.000465
222.50 0.000620
223.00 -0.000755
223.50 -0.001181
224.00 -0.000253
224.50 -0.000901
225.00 -0.000789
225.50 0.000269
226.00 -0.000289
226.50 0.000327
227.00 0.001048
227.50 0.000755
228.00 -0.000048
228.50 -0.000104
229.00 -0.000376
229.50 -0.000214
230.00 -0.000485
230.50 -0.000999
231.00 -0.000753
231.50 0.000231
232.00 -0.000420
232.50 -0.000113
233.00 -0.000970
233.50 0.000629
234.00 -0.000793
234.50 0.000001
235.00 0.000644
235.50 -0.000194
236.00 -0.000326
236.50 0.000098
237.00 -0.001073
237.50 -0.000375
238.00 0.000043
238.50 -0.000365
239.00 -0.000225
239.50 -0.001042
240.00 0.000188
240.50 -0.000151
241.00 -0.000694
241.50 0.000054
242.00 -0.000217
242.50 -0.000557
243.00 -0.000763
243.50 -0.001038
244.00 -0.000431
244.50 -0.000368
245.00 -0.001670
245.50 -0.000310
246.00 -0.000641
246.50 -0.000248
247.00 -0.000316
247.50 0.000962
248.00 -0.000066
248.50 0.000382
249.00 0.000188
249.50 0.000251
250.00 -0.000840
250.50 -0.000264
251.00 0.000055
251.50 0.000181
252.00 -0.000335
252.50 -0.000531
253.00 -0.000019
253.50 -0.000281
254.00 0.000101
254.50 -0.000811
255.00 0.000350
255.50 -0.000439
256.00 -0.000120
256.50 -0.000260
257.00 -0.000336
257.50 0.000784
258.00 0.000111
258.50 -0.000503
259.00 0.000604
259.50 -0.000878
260.00 -0.000197
260.50 0.000684
261.00 -0.000476
261.50 0.001058
262.00 -0.000829
262.50 0.000788
263.00 0.000386
263.50 -0.000088
264.00 0.001035
264.50 0.000663
265.00 0.000439
265.50 -0.000773
266.00 0.000864
266.50 -0.000107
267.00 0.000072
267.50 -0.000203
268.00 -0.000087
268.50 -0.000422
269.00 -0.000737
269.50 -0.000069
270.00 0.000674
270.50 -0.001374
271.00 -0.000372
271.50 0.000323
272.00 -0.000866
272.50 0.000828
273.00 0.000337
273.50 -0.000189
274.00 0.000046
274.50 0.000981
275.00 -0.000175
275.50 -0.000449
276.00 0.000247
276.50 -0.000029
277.00 0.000273
277.50 -0.000743
278.00 -0.000642
278.50 -0.000287
279.00 -0.000371
279.50 -0.000909
280.00 -0.000023
280.50 0.001225
281.00 -0.000489
281.50 -0.000390
282.00 -0.000352
282.50 -0.000631
283.00 0.001215
283.50 0.000345
284.00 -0.000725
284.50 -0.000942
285.00 0.000029
285.50 0.000071
286.00 -0.000853
286.50 -0.000413
287.00 0.000431
287.50 -0.001697
288.00 0.000587
288.50 0.000636
289.00 0.000427
289.50 0.000709
290.00 -0.000010
290.50 0.000216
291.00 -0.000628
291.50 -0.000469
292.00 0.000962
292.50 -0.000606
293.00 -0.000639
293.50 -0.000797
294.00 -0.000134
294.50 -0.001258
295.00 -0.000010
295.50 0.000844
296.00 -0.000595
296.50 -0.000249
297.00 -0.000018
297.50 -0.000101
298.00 0.000364
298.50 0.000593
299.00 0.000830
299.50 -0.000565
300.00 0.000429
300.50 0.000286
301.00 0.000073
301.50 0.000357
302.00 0.000283
302.50 -0.001282
303.00 0.000633
303.50 -0.000516
304.00 -0.000791
304.50 0.000219
305.00 0.000201
305.50 -0.000965
306.00 0.000536
306.50 -0.000394
307.00 -0.000472
307.50 0.000698
308.00 -0.000443
308.50 -0.000715
309.00 -0.001759
309.50 -0.000101
310.00 -0.000111
310.50 -0.000550
311.00 -0.000080
311.50 -0.000156
312.00 0.000576
312.50 -0.000439
313.00 -0.000268
313.50 0.000997
314.00 0.000205
314.50 -0.000542
315.00 -0.000259
315.50 0.001141
316.00 0.000265
316.50 0.000314
317.00 0.001065
317.50 -0.000099
318.00 0.000075
318.50 -0.001398
319.00 -0.001309
319.50 0.000396
320.00 0.000885
320.50 -0.001279
321.00 0.000229
321.50 0.000332
322.00 -0.000841
322.50 -0.000747
323.00 0.000277
323.50 -0.000175
324.00 -0.001649
324.50 -0.001046
325.00 -0.000595
325.50 -0.000053
326.00 -0.000072
326.50 -0.000709
327.00 0.001139
327.50 0.001324
328.00 0.000423
328.50 0.000267
329.00 -0.001278
329.50 0.000286
330.00 -0.000477
330.50 -0.001571
331.00 0.000113
331.50 0.001388
332.00 -0.000301
332.50 -0.000006
333.00 0.000407
333.50 -0.000605
334.00 -0.000503
334.50 0.000177
335.00 0.000291
335.50 -0.000233
336.00 -0.000120
336.50 0.000292
337.00 -0.000528
337.50 -0.000299
338.00 0.001268
338.50 0.000239
339.00 -0.000942
339.50 -0.000299
340.00 0.000426
340.50 0.000058
341.00 -0.000314
341.50 0.000725
342.00 0.000231
342.50 -0.000636
343.00 -0.000519
343.50 -0.000214
344.00 -0.000342
344.50 -0.000222
345.00 -0.000850
345.50 -0.000540
346.00 0.000399
346.50 0.000398
347.00 0.000838
347.50 0.000901
348.00 -0.000802
348.50 -0.000489
349.00 -0.000807
349.50 -0.000010
350.00 -0.000181
350.50 0.000058
351.00 0.000430
351.50 0.000179
352.00 -0.000398
352.50 -0.000031
353.00 0.000210
353.50 0.000714
354.00 0.000592
354.50 -0.000259
355.00 0.001063
355.50 0.001823
356.00 0.000295
356.50 0.001407
357.00 0.001207
357.50 0.001012
358.00 0.001340
358.50 0.000201
359.00 -0.000063
359.50 0.000163
360.00 -0.000849
360.50 0.001277
361.00 -0.000195
361.50 0.000220
362.00 -0.001329
362.50 0.000559
363.00 0.001200
363.50 0.000995
364.00 -0.000519
364.50 -0.000091
365.00 0.000942
365.50 0.000678
366.00 0.000752
366.50 0.000658
367.00 -0.000301
367.50 -0.000782
368.00 0.000853
368.50 0.000440
369.00 0.002877
369.50 0.000251
370.00 -0.000218
370.50 -0.000816
371.00 0.000077
371.50 0.000022
372.00 -0.000377
372.50 0.001132
373.00 -0.000503
373.50 0.000148
374.00 -0.000966
374.50 0.000517
375.00 0.000663
375.50 -0.001191
376.00 -0.000283
376.50 0.000955
377.00 -0.000123
377.50 0.000292
378.00 0.002404
378.50 0.001136
379.00 -0.000153
379.50 -0.000570
380.00 -0.000485
380.50 0.001149
381.00 0.001083
381.50 0.000112
382.00 -0.001053
382.50 0.001437
383.00 0.000688
383.50 0.001033
384.00 0.000244
384.50 -0.000965
385.00 0.001650
385.50 -0.000642
386.00 -0.000128
386.50 -0.000257
387.00 -0.000034
387.50 0.002069
388.00 0.000613
388.50 0.000621
389.00 0.000151
389.50 0.001302
390.00 -0.000451
390.50 -0.000867
391.00 -0.000060
391.50 0.000450
392.00 0.000460
392.50 0.000260
393.00 0.000618
393.50 -0.000061
394.00 0.000668
394.50 0.000125
395.00 -0.000589
395.50 0.000583
396.00 -0.000051
396.50 0.000106
397.00 0.000190
397.50 0.000343
398.00 -0.000196
398.50 -0.000039
399.00 -0.000091
399.50 0.001306
400.00 0.001813
400.50 -0.000397
401.00 0.000540
401.50 -0.000007
402.00 -0.000337
402.50 -0.001673
403.00 -0.000451
403.50 0.000151
404.00 -0.000336
404.50 0.000041
405.00 -0.000433
405.50 0.000979
406.00 0.000892
406.50 -0.000666
407.00 -0.000133
407.50 0.001177
408.00 -0.000021
408.50 -0.000140
409.00 0.000819
409.50 0.001829
410.00 -0.000573
410.50 0.000460
411.00 -0.000589
411.50 0.001051
412.00 -0.000112
412.50 0.001317
413.00 0.001321
413.50 0.000823
414.00 -0.000300
414.50 0.000308
415.00 0.000424
415.50 -0.000293
416.00 0.000746
416.50 -0.001528
417.00 0.000277
417.50 0.001905
418.00 0.001249
418.50 0.000307
419.00 -0.000251
419.50 -0.000297
420.00 -0.000994
420.50 0.001099
421.00 0.001547
421.50 -0.001137
422.00 0.000403
422.50 0.000772
423.00 0.000535
423.50 0.000209
424.00 -0.000142
424.50 -0.000413
425.00 0.000474
425.50 -0.000082
426.00 0.001916
426.50 0.001028
427.00 0.000294
427.50 0.000088
428.00 0.000684
428.50 0.000119
429.00 -0.000009
429.50 0.000899
430.00 -0.000840
430.50 -0.000669
431.00 0.000747
431.50 0.000755
432.00 -0.000032
432.50 0.000770
433.00 0.000635
433.50 0.000682
434.00 -0.000019
434.50 -0.000752
435.00 0.000153
435.50 0.000531
436.00 -0.000993
436.50 -0.000614
437.00 0.000121
437.50 -0.000155
438.00 0.000852
438.50 0.000574
439.00 -0.000193
439.50 -0.000545
440.00 0.000281
440.50 0.000214
441.00 0.000594
441.50 -0.001030
442.00 0.000752
442.50 0.001197
443.00 -0.000335
443.50 0.000547
444.00 0.000044
444.50 0.000412
445.00 0.000633
445.50 0.000135
446.00 0.001069
446.50 -0.000493
447.00 0.001201
447.50 -0.000171
448.00 0.001265
448.50 0.000366
449.00 -0.000827
449.50 0.000822
450.00 0.000303
450.50 0.000084
451.00 0.000681
451.50 0.001274
452.00 0.000170
452.50 0.000395
453.00 0.001424
453.50 0.000034
454.00 0.000257
454.50 -0.000031
455.00 -0.000246
455.50 -0.000388
456.00 -0.000384
456.50 0.000054
457.00 -0.000521
457.50 0.001287
458.00 -0.000585
458.50 0.001935
459.00 0.000858
459.50 -0.001003
460.00 0.000146
460.50 -0.000423
461.00 0.000324
461.50 0.000359
462.00 -0.001155
462.50 0.000287
463.00 0.000063
463.50 0.000292
464.00 -0.000385
464.50 -0.000156
465.00 -0.000303
465.50 0.001351
466.00 -0.001272
466.50 -0.000444
467.00 -0.000067
467.50 0.000308
468.00 -0.000584
468.50 0.000015
469.00 0.000389
469.50 0.000762
470.00 -0.000200
470.50 -0.000493
471.00 -0.000712
471.50 0.000399
472.00 -0.000557
472.50 0.001580
473.00 -0.002902
473.50 0.000333
474.00 0.000555
474.50 -0.000760
475.00 0.001143
475.50 0.000634
476.00 -0.000384
476.50 -0.000308
477.00 0.000203
477.50 0.000133
478.00 0.000280
478.50 -0.000296
479.00 -0.000148
479.50 0.000143
480.00 0.000145
480.50 -0.000068
481.00 -0.000495
481.50 0.001139
482.00 0.001352
482.50 -0.000475
483.00 -0.000472
483.50 0.000746
484.00 0.001581
484.50 0.000068
485.00 -0.000610
485.50 -0.001059
486.00 0.000000
486.50 0.000906
487.00 -0.000521
487.50 0.000533
488.00 -0.000590
488.50 -0.001110
489.00 -0.000508
489.50 0.001883
490.00 0.000466
490.50 0.000766
491.00 -0.001165
491.50 0.000100
492.00 0.001585
492.50 0.000697
493.00 -0.000559
493.50 0.000404
494.00 -0.000480
494.50 0.000039
495.00 0.000629
495.50 0.001512
496.00 -0.000176
496.50 -0.001274
497.00 0.001367
497.50 -0.000902
498.00 0.001148
498.50 0.001368
499.00 0.000784
499.50 0.000567
500.00 0.000204
500.50 0.001370
501.00 -0.000084
501.50 0.001007
502.00 0.001588
502.50 0.001878
503.00 0.000864
503.50 0.003615
504.00 0.000215
504.50 0.000866
505.00 0.000939
505.50 0.002960
506.00 0.002094
506.50 0.002526
507.00 0.001085
507.50 0.001158
508.00 0.001374
508.50 0.001877
509.00 0.000872
509.50 0.000944
510.00 0.002235
510.50 0.002379
511.00 0.001805
511.50 0.002879
512.00 0.003308
512.50 0.000589
513.00 0.002091
513.50 0.002591
514.00 0.002877
514.50 0.001305
515.00 0.001519
515.50 0.002233
516.00 0.001234
516.50 0.002946
517.00 0.003445
517.50 0.002731
518.00 0.002161
518.50 0.002161
519.00 0.002873
519.50 0.001520
520.00 0.003301
520.50 0.003799
521.00 0.002945
521.50 0.004227
522.00 0.001591
522.50 0.003158
523.00 0.002090
523.50 0.003585
524.00 0.003087
524.50 0.004084
525.00 0.003372
525.50 0.004727
526.00 0.003515
526.50 0.004228
527.00 0.005084
527.50 0.003446
528.00 0.004587
528.50 0.005302
529.00 0.008156
529.50 0.005518
530.00 0.007950
530.50 0.007810
531.00 0.008314
531.50 0.010035
532.00 0.011400
532.50 0.011982
533.00 0.015072
533.50 0.014298
534.00 0.016892
534.50 0.020139
535.00 0.022898
535.50 0.025805
536.00 0.029008
536.50 0.031277
537.00 0.036961
537.50 0.042727
538.00 0.048665
538.50 0.056586
539.00 0.067225
539.50 0.076394
540.00 0.087937
540.50 0.102911
541.00 0.120258
541.50 0.139558
542.00 0.161203
542.50 0.188782
543.00 0.220502
543.50 0.255038
544.00 0.297205
544.50 0.344852
545.00 0.402525
545.50 0.468200
546.00 0.542887
546.50 0.627498
547.00 0.726719
547.50 0.842701
548.00 0.974728
548.50 1.123071
549.00 1.293525
549.50 1.486314
550.00 1.706304
550.50 1.953625
551.00 2.235859
551.50 2.546650
552.00 2.904413
552.50 3.293371
553.00 3.738026
553.50 4.232914
554.00 4.766123
554.50 5.355459
555.00 6.007619
555.50 6.704731
556.00 7.489643
556.50 8.321008
557.00 9.232580
557.50 10.223782
558.00 11.241531
558.50 12.370743
559.00 13.574182
559.50 14.812523
560.00 16.165253
560.50 17.558302
561.00 19.001564
561.50 20.563147
562.00 22.116159
562.50 23.799721
563.00 25.506575
563.50 27.238316
564.00 29.006153
564.50 30.788984
565.00 32.623436
565.50 34.531857
566.00 36.416302
566.50 38.319309
567.00 40.212990
567.50 42.021179
568.00 43.873695
568.50 45.691284
569.00 47.594181
569.50 49.301357
570.00 50.979225
570.50 52.649887
571.00 54.324902
571.50 55.878567
572.00 57.469032
572.50 58.964706
573.00 60.399185
573.50 61.814415
574.00 63.135986
574.50 64.400070
575.00 65.641861
575.50 66.787025
576.00 67.896027
576.50 68.929901
577.00 69.917908
577.50 70.865074
578.00 71.746193
578.50 72.561859
579.00 73.349724
579.50 74.102036
580.00 74.781570
580.50 75.425034
581.00 76.033234
581.50 76.581383
582.00 77.093262
582.50 77.591774
583.00 78.060310
583.50 78.461189
584.00 78.841423
584.50 79.206451
585.00 79.512749
585.50 79.831070
586.00 80.082542
586.50 80.352554
587.00 80.589813
587.50 80.817139
588.00 80.976479
588.50 81.131432
589.00 81.290894
589.50 81.411453
590.00 81.534782
590.50 81.618210
591.00 81.697548
591.50 81.788528
592.00 81.821342
592.50 81.871620
593.00 81.915421
593.50 81.918732
594.00 81.926117
594.50 81.930695
595.00 81.950180
595.50 81.905838
596.00 81.919876
596.50 81.869698
597.00 81.829575
597.50 81.770981
598.00 81.736046
598.50 81.676537
599.00 81.597816
599.50 81.550316
600.00 81.479057
600.50 81.397858
601.00 81.333359
601.50 81.229698
602.00 81.147156
602.50 81.026398
603.00 80.922409
603.50 80.836296
604.00 80.744980
604.50 80.611923
605.00 80.499580
605.50 80.382278
606.00 80.259071
606.50 80.140717
607.00 79.994217
607.50 79.859001
608.00 79.755676
608.50 79.596436
609.00 79.465279
609.50 79.327705
610.00 79.173195
610.50 79.024872
611.00 78.889671
611.50 78.736008
612.00 78.576401
612.50 78.394997
613.00 78.240501
613.50 78.091286
614.00 77.929375
614.50 77.774025
615.00 77.596092
615.50 77.425743
616.00 77.261635
616.50 77.077515
617.00 76.901367
617.50 76.724747
618.00 76.541344
618.50 76.351067
619.00 76.177849
619.50 76.009819
620.00 75.797600
620.50 75.605743
621.00 75.416824
621.50 75.222687
622.00 75.015442
622.50 74.850471
623.00 74.648621
623.50 74.454147
624.00 74.238022
624.50 74.045319
625.00 73.839806
625.50 73.629860
626.00 73.418228
626.50 73.214569
627.00 73.023712
627.50 72.812401
628.00 72.608124
628.50 72.376076
629.00 72.168121
629.50 71.950134
630.00 71.741196
630.50 71.519043
631.00 71.295898
631.50 71.079445
632.00 70.856354
632.50 70.644554
633.00 70.421547
633.50 70.200523
634.00 69.973000
634.50 69.770531
635.00 69.529434
635.50 69.321106
636.00 69.087997
636.50 68.866188
637.00 68.643372
637.50 68.407806
638.00 68.180260
638.50 67.956879
639.00 67.711258
639.50 67.483093
640.00 67.267075
640.50 67.022690
641.00 66.798279
641.50 66.561928
642.00 66.343758
642.50 66.114876
643.00 65.863960
643.50 65.635452
644.00 65.407974
644.50 65.164253
645.00 64.926727
645.50 64.682945
646.00 64.442787
646.50 64.210960
647.00 63.964146
647.50 63.723011
648.00 63.482029
648.50 63.238819
649.00 62.998592
649.50 62.772102
650.00 62.504845
650.50 62.268616
651.00 62.031387
651.50 61.785038
652.00 61.552448
652.50 61.276466
653.00 61.042870
653.50 60.810131
654.00 60.561466
654.50 60.334183
655.00 60.075611
655.50 59.820324
656.00 59.579067
656.50 59.344566
657.00 59.115444
657.50 58.878254
658.00 58.615639
658.50 58.383846
659.00 58.128624
659.50 57.891933
660.00 57.640583
660.50 57.386009
661.00 57.153736
661.50 56.888451
662.00 56.636135
662.50 56.384491
663.00 56.139511
663.50 55.905758
664.00 55.649303
664.50 55.405075
665.00 55.151398
665.50 54.903160
666.00 54.655014
666.50 54.406322
667.00 54.156918
667.50 53.888954
668.00 53.655689
668.50 53.413498
669.00 53.151852
669.50 52.910370
670.00 52.638290
670.50 52.410336
671.00 52.143322
671.50 51.873569
672.00 51.633144
672.50 51.368629
673.00 51.123844
673.50 50.854065
674.00 50.583260
674.50 50.329971
675.00 50.076191
675.50 49.801601
676.00 49.541046
676.50 49.271267
677.00 49.007610
677.50 48.733761
678.00 48.463284
678.50 48.219646
679.00 47.935234
679.50 47.669949
680.00 47.384575
680.50 47.119076
681.00 46.834900
681.50 46.571812
682.00 46.292358
682.50 46.023952
683.00 45.753189
683.50 45.460690
684.00 45.202335
684.50 44.915981
685.00 44.637756
685.50 44.367527
686.00 44.092148
686.50 43.826237
687.00 43.553196
687.50 43.273067
688.00 43.006798
688.50 42.735321
689.00 42.459663
689.50 42.192322
690.00 41.920841
690.50 41.646446
691.00 41.372913
691.50 41.094158
692.00 40.824039
692.50 40.557392
693.00 40.271687
693.50 40.011547
694.00 39.730583
694.50 39.470661
695.00 39.197220
695.50 38.923645
696.00 38.660244
696.50 38.392170
697.00 38.118774
697.50 37.866817
698.00 37.593334
698.50 37.328186
699.00 37.075188
699.50 36.803608
700.00 36.550552
700.50 36.282391
701.00 36.020985
701.50 35.773808
702.00 35.503963
702.50 35.250492
703.00 34.984554
703.50 34.733871
704.00 34.472496
704.50 34.226345
705.00 33.957661
705.50 33.715759
706.00 33.447224
706.50 33.208607
707.00 32.951797
707.50 32.706741
708.00 32.454849
708.50 32.211189
709.00 31.954035
709.50 31.718275
710.00 31.470984
710.50 31.234650
711.00 30.994478
711.50 30.741804
712.00 30.501886
712.50 30.267084
713.00 30.019716
713.50 29.795610
714.00 29.551065
714.50 29.302063
715.00 29.076376
715.50 28.838772
716.00 28.615126
716.50 28.366358
717.00 28.130871
717.50 27.915445
718.00 27.691004
718.50 27.453413
719.00 27.228603
719.50 26.998892
720.00 26.786896
720.50 26.550520
721.00 26.330175
721.50 26.118717
722.00 25.898504
722.50 25.674482
723.00 25.465685
723.50 25.234417
724.00 25.029030
724.50 24.812950
725.00 24.598186
725.50 24.384274
726.00 24.168568
726.50 23.958439
727.00 23.746054
727.50 23.529112
728.00 23.332792
728.50 23.128336
729.00 22.909307
729.50 22.711651
730.00 22.511295
730.50 22.304626
731.00 22.112133
731.50 21.899384
732.00 21.707277
732.50 21.508076
733.00 21.310856
733.50 21.115864
734.00 20.916285
734.50 20.723763
735.00 20.530060
735.50 20.331345
736.00 20.143515
736.50 19.958565
737.00 19.754528
737.50 19.579128
738.00 19.388798
738.50 19.187963
739.00 19.006493
739.50 18.830923
740.00 18.638073
740.50 18.455004
741.00 18.280312
741.50 18.100430
742.00 17.909695
742.50 17.738142
743.00 17.566160
743.50 17.387278
744.00 17.210182
744.50 17.038273
745.00 16.871197
745.50 16.695213
746.00 16.528589
746.50 16.354437
747.00 16.188728
747.50 16.013775
748.00 15.848227
748.50 15.682038
749.00 15.518562
749.50 15.359264
750.00 15.191835
750.50 15.030662
751.00 14.875659
751.50 14.711559
752.00 14.552355
752.50 14.393388
753.00 14.238763
753.50 14.080026
754.00 13.933039
754.50 13.778938
755.00 13.628805
755.50 13.475587
756.00 13.326481
756.50 13.178261
757.00 13.032021
757.50 12.885078
758.00 12.736125
758.50 12.596762
759.00 12.456410
759.50 12.310536
760.00 12.168762
760.50 12.026681
761.00 11.888485
761.50 11.750019
762.00 11.612608
762.50 11.474744
763.00 11.348211
763.50 11.207031
764.00 11.079430
764.50 10.950376
765.00 10.816695
765.50 10.691900
766.00 10.563558
766.50 10.435653
767.00 10.316074
767.50 10.192192
768.00 10.073273
768.50 9.949239
769.00 9.822718
769.50 9.703979
770.00 9.586527
770.50 9.461214
771.00 9.352500
771.50 9.235591
772.00 9.121102
772.50 9.011832
773.00 8.896584
773.50 8.788534
774.00 8.673642
774.50 8.566233
775.00 8.463428
775.50 8.351227
776.00 8.246926
776.50 8.139375
777.00 8.033234
777.50 7.931353
778.00 7.830750
778.50 7.732587
779.00 7.632408
779.50 7.535172
780.00 7.432169
780.50 7.332922
781.00 7.241755
781.50 7.149074
782.00 7.051272
782.50 6.964152
783.00 6.872024
783.50 6.777279
784.00 6.685559
784.50 6.599505
785.00 6.509381
785.50 6.423067
786.00 6.340753
786.50 6.250709
787.00 6.172383
787.50 6.089630
788.00 6.006325
788.50 5.928802
789.00 5.844631
789.50 5.763309
790.00 5.686319
790.50 5.607940
791.00 5.529330
791.50 5.459243
792.00 5.381349
792.50 5.303370
793.00 5.229145
793.50 5.157800
794.00 5.085306
794.50 5.017571
795.00 4.949593
795.50 4.879748
796.00 4.810995
796.50 4.746291
797.00 4.676230
797.50 4.610304
798.00 4.544116
798.50 4.480401
799.00 4.415102
799.50 4.350715
800.00 4.289329
800.50 4.230490
801.00 4.166173
801.50 4.109174
802.00 4.048724
802.50 3.992784
803.00 3.931583
803.50 3.876046
804.00 3.819406
804.50 3.765207
805.00 3.707906
805.50 3.652460
806.00 3.601292
806.50 3.546340
807.00 3.494180
807.50 3.447844
808.00 3.394706
808.50 3.344003
809.00 3.294179
809.50 3.246833
810.00 3.199450
810.50 3.149568
811.00 3.101713
811.50 3.056939
812.00 3.010130
812.50 2.962970
813.00 2.921712
813.50 2.879767
814.00 2.836801
814.50 2.786447
815.00 2.750311
815.50 2.703981
816.00 2.662564
816.50 2.629677
817.00 2.586023
817.50 2.550011
818.00 2.505060
818.50 2.469896
819.00 2.429315
819.50 2.392809
820.00 2.355579
820.50 2.318269
821.00 2.285441
821.50 2.247500
822.00 2.209285
822.50 2.178608
823.00 2.144994
823.50 2.111610
824.00 2.078814
824.50 2.042632
825.00 2.013331
825.50 1.978608
826.00 1.951212
826.50 1.916946
827.00 1.888121
827.50 1.857931
828.00 1.828209
828.50 1.801896
829.00 1.775239
829.50 1.744045
830.00 1.714938
830.50 1.687208
831.00 1.662393
831.50 1.634745
832.00 1.613012
832.50 1.586666
833.00 1.556395
833.50 1.531827
834.00 1.506220
834.50 1.483575
835.00 1.459299
835.50 1.436257
836.00 1.416508
836.50 1.391796
837.00 1.368565
837.50 1.344434
838.00 1.323938
838.50 1.299987
839.00 1.280771
839.50 1.262109
840.00 1.235816
840.50 1.219934
841.00 1.197542
841.50 1.175792
842.00 1.162038
842.50 1.141161
843.00 1.119348
843.50 1.105527
844.00 1.087892
844.50 1.066803
845.00 1.049700
845.50 1.034307
846.00 1.016783
846.50 1.000984
847.00 0.976188
847.50 0.959370
848.00 0.947583
848.50 0.931131
849.00 0.915217
849.50 0.898857
850.00 0.886393
850.50 0.871280
851.00 0.857973
851.50 0.843522
852.00 0.826300
852.50 0.816360
853.00 0.804484
853.50 0.789094
854.00 0.772082
854.50 0.756822
855.00 0.750975
855.50 0.729521
856.00 0.726727
856.50 0.712011
857.00 0.695865
857.50 0.691861
858.00 0.674193
858.50 0.666192
859.00 0.648524
859.50 0.633820
860.00 0.633621
860.50 0.622384
861.00 0.607361
861.50 0.593854
862.00 0.590947
862.50 0.580164
863.00 0.570014
863.50 0.554368
864.00 0.544631
864.50 0.532445
865.00 0.529010
865.50 0.515065
866.00 0.509566
866.50 0.497103
867.00 0.495961
867.50 0.489229
868.00 0.479871
868.50 0.473902
869.00 0.462583
869.50 0.451874
870.00 0.447733
870.50 0.443563
871.00 0.423282
871.50 0.424991
872.00 0.413392
872.50 0.416015
873.00 0.397796
873.50 0.395045
874.00 0.391569
874.50 0.386537
875.00 0.368520
875.50 0.365184
876.00 0.356277
876.50 0.361696
877.00 0.355126
877.50 0.338490
878.00 0.338001
878.50 0.334979
879.00 0.327064
879.50 0.317048
880.00 0.322036
880.50 0.306499
881.00 0.297435
881.50 0.294894
882.00 0.291479
882.50 0.280098
883.00 0.292040
883.50 0.285300
884.00 0.262777
884.50 0.260874
885.00 0.268566
885.50 0.265038
886.00 0.244683
886.50 0.253372
887.00 0.248597
887.50 0.235858
888.00 0.236185
888.50 0.226370
889.00 0.226688
889.50 0.225194
890.00 0.221451
890.50 0.219337
891.00 0.212491
891.50 0.211995
892.00 0.206998
892.50 0.193211
893.00 0.193516
893.50 0.185954
894.00 0.194627
894.50 0.187860
895.00 0.187039
895.50 0.181364
896.00 0.173005
896.50 0.187759
897.00 0.173096
897.50 0.167617
898.00 0.158145
898.50 0.162249
899.00 0.166445
899.50 0.149800
900.00 0.150336
900.50 0.146174
901.00 0.141258
901.50 0.140304
902.00 0.135797
902.50 0.135968
903.00 0.135982
903.50 0.129011
904.00 0.126094
904.50 0.127441
905.00 0.118973
905.50 0.118270
906.00 0.119732
906.50 0.120998
907.00 0.110510
907.50 0.110489
908.00 0.110674
908.50 0.105223
909.00 0.105174
909.50 0.105920
910.00 0.105106
910.50 0.098515
911.00 0.098808
911.50 0.096199
912.00 0.092800
912.50 0.093833
913.00 0.091191
913.50 0.088286
914.00 0.086872
914.50 0.086478
915.00 0.085939
915.50 0.084046
916.00 0.085176
916.50 0.077466
917.00 0.074438
917.50 0.076127
918.00 0.080284
918.50 0.073004
919.00 0.071261
919.50 0.072483
920.00 0.071459
920.50 0.070534
921.00 0.064553
921.50 0.068719
922.00 0.069005
922.50 0.064445
923.00 0.063967
923.50 0.058039
924.00 0.060880
924.50 0.061827
925.00 0.057044
925.50 0.054064
926.00 0.052822
926.50 0.055918
927.00 0.055087
927.50 0.047360
928.00 0.051497
928.50 0.052948
929.00 0.049853
929.50 0.046533
930.00 0.049571
930.50 0.046261
931.00 0.044332
931.50 0.041397
932.00 0.046813
932.50 0.044280
933.00 0.040865
933.50 0.041863
934.00 0.039904
934.50 0.040805
935.00 0.044764
935.50 0.041334
936.00 0.035033
936.50 0.037548
937.00 0.037874
937.50 0.034657
938.00 0.031055
938.50 0.034228
939.00 0.033857
939.50 0.031672
940.00 0.033728
940.50 0.030132
941.00 0.028845
941.50 0.030017
942.00 0.034205
942.50 0.028366
943.00 0.029946
943.50 0.028261
944.00 0.028870
944.50 0.030039
945.00 0.023646
945.50 0.027969
946.00 0.027327
946.50 0.020730
947.00 0.021579
947.50 0.026163
948.00 0.022577
948.50 0.023052
949.00 0.024291
949.50 0.019668
950.00 0.024246
950.50 0.021547
951.00 0.019440
951.50 0.019152
952.00 0.017199
952.50 0.020961
953.00 0.016307
953.50 0.015816
954.00 0.018559
954.50 0.016308
955.00 0.015756
955.50 0.017246
956.00 0.014686
956.50 0.014614
957.00 0.015871
957.50 0.017289
958.00 0.011536
958.50 0.011603
959.00 0.013343
959.50 0.014959
960.00 0.013473
960.50 0.007849
961.00 0.014596
961.50 0.012319
962.00 0.011370
962.50 0.005643
963.00 0.014724
963.50 0.015104
964.00 0.011369
964.50 0.006797
965.00 0.012333
965.50 0.007196
966.00 0.008536
966.50 0.010534
967.00 0.008112
967.50 0.009737
968.00 0.006682
968.50 0.009206
969.00 0.006518
969.50 0.006229
970.00 0.009702
970.50 0.007382
971.00 0.006882
971.50 0.003577
972.00 0.009199
972.50 0.008214
973.00 0.004748
973.50 0.005722
974.00 0.006703
974.50 0.003291
975.00 0.005808
975.50 0.005865
976.00 0.002532
976.50 0.002389
977.00 0.004079
977.50 0.007496
978.00 0.003831
978.50 0.001568
979.00 0.003069
979.50 0.001265
980.00 0.001701
980.50 0.002323
981.00 0.003179
981.50 0.003137
982.00 0.004360
982.50 -0.001788
983.00 0.003865
983.50 0.001856
984.00 0.000661
984.50 0.000508
985.00 0.006364
985.50 0.000714
986.00 0.001625
986.50 0.001635
987.00 0.000067
987.50 0.003692
988.00 0.005606
988.50 -0.001436
989.00 -0.000420
989.50 0.002481
990.00 0.000653
990.50 0.000121
991.00 0.000149
991.50 0.000195
992.00 0.000652
992.50 0.000704
993.00 -0.000257
993.50 -0.000384
994.00 0.001905
994.50 -0.000891
995.00 -0.002755
995.50 0.000332
996.00 0.001655
996.50 -0.003396
997.00 -0.001016
997.50 -0.000680
998.00 0.000654
998.50 -0.000189
999.00 0.001471
999.50 -0.003624
1000.00 -0.002881
1000.50 -0.002930
1001.00 0.001051
1001.50 -0.001592
1002.00 -0.001730
1002.50 -0.001013
1003.00 -0.003271
1003.50 -0.006080
1004.00 0.002254
1004.50 0.003507
1005.00 -0.009455
1005.50 -0.004508
1006.00 0.000459
1006.50 -0.003353
1007.00 -0.004569
1007.50 -0.002955
1008.00 0.000050
1008.50 -0.005246
1009.00 -0.002829
1009.50 -0.005139
1010.00 -0.004227
1010.50 -0.002511
1011.00 -0.000438
1011.50 -0.004233
1012.00 -0.004782
1012.50 -0.003433
1013.00 -0.003224
1013.50 -0.003334
1014.00 -0.006190
1014.50 -0.001871
1015.00 -0.001236
1015.50 -0.001382
1016.00 -0.004786
1016.50 0.002178
1017.00 -0.005616
1017.50 -0.004873
1018.00 -0.002149
1018.50 -0.005471
1019.00 -0.006114
1019.50 -0.005058
1020.00 -0.004959
1020.50 -0.003745
1021.00 -0.003911
1021.50 -0.007551
1022.00 -0.001822
1022.50 -0.005463
1023.00 -0.002738
1023.50 -0.004667
1024.00 -0.005892
1024.50 -0.004504
1025.00 -0.002687
1025.50 -0.003991
1026.00 -0.008836
1026.50 -0.006608
1027.00 -0.006406
1027.50 -0.002711
1028.00 -0.004356
1028.50 -0.006475
1029.00 -0.002919
1029.50 -0.006098
1030.00 -0.006364
1030.50 -0.005684
1031.00 -0.004661
1031.50 -0.005077
1032.00 -0.003583
1032.50 -0.008421
1033.00 -0.006849
1033.50 -0.004469
1034.00 -0.009336
1034.50 -0.007184
1035.00 -0.003427
1035.50 -0.009915
1036.00 -0.005951
1036.50 -0.005597
1037.00 -0.006805
1037.50 -0.005219
1038.00 -0.003593
1038.50 -0.006555
1039.00 -0.007366
1039.50 -0.006237
1040.00 -0.003538
1040.50 -0.003763
1041.00 -0.009444
1041.50 -0.004625
1042.00 -0.004502
1042.50 -0.003953
1043.00 -0.004064
1043.50 -0.004726
1044.00 -0.005020
1044.50 -0.007650
1045.00 -0.010532
1045.50 -0.004634
1046.00 -0.003006
1046.50 -0.005821
1047.00 -0.004736
1047.50 -0.006055
1048.00 -0.006361
1048.50 -0.008494
1049.00 -0.004609
1049.50 -0.008397
1050.00 -0.007231
1050.50 -0.003317
1051.00 -0.008272
1051.50 -0.008072
1052.00 -0.007405
1052.50 -0.009877
1053.00 -0.005107
1053.50 -0.004711
1054.00 -0.003004
1054.50 -0.006463
1055.00 -0.008593
1055.50 -0.009151
1056.00 -0.006131
1056.50 -0.006454
1057.00 -0.006688
1057.50 -0.008147
1058.00 -0.007202
1058.50 -0.008668
1059.00 -0.006315
1059.50 -0.007874
1060.00 -0.006559
1060.50 -0.008804
1061.00 -0.006368
1061.50 -0.006644
1062.00 -0.009824
1062.50 -0.005322
1063.00 -0.007819
1063.50 -0.009644
1064.00 -0.005975
1064.50 -0.004947
1065.00 -0.011147
1065.50 -0.006892
1066.00 -0.005127
1066.50 -0.006246
1067.00 -0.005874
1067.50 -0.007433
1068.00 -0.006556
1068.50 -0.006734
1069.00 -0.008941
1069.50 -0.005833
1070.00 -0.005604
1070.50 -0.008508
1071.00 -0.010302
1071.50 -0.008918
1072.00 -0.006524
1072.50 -0.008811
1073.00 -0.008244
1073.50 -0.007939
1074.00 -0.006208
1074.50 -0.006572
1075.00 -0.005047
1075.50 -0.008608
1076.00 -0.009435
1076.50 -0.005929
1077.00 -0.008322
1077.50 -0.005122
1078.00 -0.008455
1078.50 -0.007001
1079.00 -0.007611
1079.50 -0.010690
1080.00 -0.009529
1080.50 -0.008427
1081.00 -0.008161
1081.50 -0.010800
1082.00 -0.006015
1082.50 -0.008647
1083.00 -0.011250
1083.50 -0.007969
1084.00 -0.006256
1084.50 -0.008572
1085.00 -0.009185
1085.50 -0.006778
1086.00 -0.007241
1086.50 -0.009031
1087.00 -0.010800
1087.50 -0.005968
1088.00 -0.006972
1088.50 -0.006641
1089.00 -0.010268
1089.50 -0.009552
1090.00 -0.006201
1090.50 -0.004084
1091.00 -0.007481
1091.50 -0.010709
1092.00 -0.003621
1092.50 -0.005290
1093.00 -0.012485
1093.50 -0.007874
1094.00 -0.005854
1094.50 -0.007947
1095.00 -0.008934
1095.50 -0.008112
1096.00 -0.006802
1096.50 -0.005309
1097.00 -0.007876
1097.50 -0.008833
1098.00 -0.006094
1098.50 -0.009574
1099.00 -0.006417
1099.50 -0.008312
1100.00 -0.006645
