200.00 -0.000895
200.50 0.001555
201.00 0.001069
201.50 0.000884
202.00 0.001056
202.50 0.000745
203.00 0.001200
203.50 0.001362
204.00 0.000798
204.50 0.001279
205.00 -0.000229
205.50 0.001908
206.00 0.000647
206.50 0.001115
207.00 0.002442
207.50 0.000715
208.00 -0.000700
208.50 0.001255
209.00 0.000388
209.50 -0.000958
210.00 0.000276
210.50 0.001030
211.00 0.000028
211.50 -0.000062
212.00 0.000077
212.50 0.000580
213.00 -0.000561
213.50 0.000408
214.00 0.001545
214.50 -0.000074
215.00 -0.000019
215.50 0.000566
216.00 -0.000054
216.50 0.000004
217.00 0.000989
217.50 0.001983
218.00 -0.000064
218.50 -0.000242
219.00 0.000405
219.50 -0.000521
220.00 0.000828
220.50 -0.000431
221.00 -0.000313
221.50 0.000250
222.00 0.000297
222.50 -0.000725
223.00 0.000711
223.50 0.000092
224.00 0.001585
224.50 0.001208
225.00 0.000769
225.50 0.000562
226.00 0.000648
226.50 -0.000041
227.00 0.000897
227.50 0.000755
228.00 0.001281
228.50 0.001357
229.00 -0.000159
229.50 0.000430
230.00 0.000470
230.50 0.000889
231.00 0.001268
231.50 0.000083
232.00 0.000978
232.50 0.001200
233.00 0.000117
233.50 0.000342
234.00 0.000421
234.50 0.000711
235.00 0.000362
235.50 0.000438
236.00 0.000721
236.50 0.000516
237.00 0.001350
237.50 -0.000098
238.00 0.001143
238.50 -0.001050
239.00 -0.000020
239.50 -0.000222
240.00 -0.000357
240.50 0.000121
241.00 0.000462
241.50 0.000937
242.00 -0.000420
242.50 0.000393
243.00 0.000730
243.50 0.001339
244.00 -0.000158
244.50 0.000791
245.00 -0.000440
245.50 0.000033
246.00 0.000483
246.50 0.000966
247.00 0.000196
247.50 0.000066
248.00 -0.000065
248.50 -0.000451
249.00 -0.000517
249.50 -0.000390
250.00 -0.002121
250.50 0.000569
251.00 -0.000201
251.50 0.001144
252.00 -0.000078
252.50 0.000562
253.00 -0.000212
253.50 -0.000796
254.00 0.000037
254.50 0.000356
255.00 -0.000689
255.50 0.000019
256.00 0.000274
256.50 0.000596
257.00 0.000392
257.50 -0.000346
258.00 0.000178
258.50 -0.000704
259.00 -0.001410
259.50 0.000759
260.00 -0.000956
260.50 0.000493
261.00 -0.000155
261.50 -0.000748
262.00 0.000210
262.50 -0.000650
263.00 0.000189
263.50 -0.000352
264.00 -0.000301
264.50 -0.000501
265.00 -0.000439
265.50 -0.000140
266.00 0.001310
266.50 0.000343
267.00 0.001434
267.50 -0.000856
268.00 -0.000483
268.50 -0.000869
269.00 0.000008
269.50 -0.000132
270.00 -0.001474
270.50 -0.000481
271.00 -0.000244
271.50 0.000129
272.00 -0.000212
272.50 -0.000558
273.00 0.000081
273.50 0.001242
274.00 0.000799
274.50 0.000348
275.00 0.000528
275.50 0.000905
276.00 0.001028
276.50 0.000431
277.00 0.001292
277.50 0.000803
278.00 0.000170
278.50 0.000661
279.00 -0.000946
279.50 0.000059
280.00 0.000629
280.50 0.000845
281.00 0.000618
281.50 -0.000079
282.00 -0.000288
282.50 0.000901
283.00 0.000763
283.50 0.000470
284.00 -0.000297
284.50 -0.000694
285.00 -0.000223
285.50 -0.001330
286.00 0.000115
286.50 -0.000351
287.00 -0.000182
287.50 0.000663
288.00 0.001846
288.50 0.001147
289.00 -0.000351
289.50 0.000393
290.00 0.001405
290.50 -0.000159
291.00 0.001462
291.50 -0.000148
292.00 -0.000351
292.50 -0.000363
293.00 0.000596
293.50 0.000330
294.00 0.000884
294.50 0.000157
295.00 -0.000353
295.50 -0.001054
296.00 -0.000285
296.50 -0.000060
297.00 0.000493
297.50 0.000334
298.00 0.000182
298.50 0.000532
299.00 0.000705
299.50 0.000001
300.00 0.000684
300.50 -0.000097
301.00 -0.000111
301.50 -0.000555
302.00 -0.000394
302.50 0.001263
303.00 0.000194
303.50 -0.000010
304.00 -0.000728
304.50 0.000284
305.00 0.000325
305.50 -0.000301
306.00 -0.000073
306.50 0.001203
307.00 0.000085
307.50 -0.000427
308.00 -0.000380
308.50 -0.000397
309.00 0.000292
309.50 0.000456
310.00 -0.001132
310.50 0.000602
311.00 -0.000814
311.50 -0.000712
312.00 0.000763
312.50 -0.000691
313.00 0.000050
313.50 -0.000864
314.00 0.000142
314.50 -0.000542
315.00 -0.000686
315.50 -0.001572
316.00 -0.000546
316.50 -0.000631
317.00 0.000620
317.50 0.000481
318.00 -0.000424
318.50 -0.000489
319.00 -0.000696
319.50 -0.001217
320.00 -0.000746
320.50 0.001068
321.00 -0.001182
321.50 -0.000041
322.00 -0.000117
322.50 -0.000380
323.00 -0.000217
323.50 0.000513
324.00 0.000564
324.50 0.000681
325.00 -0.000906
325.50 0.000248
326.00 -0.000072
326.50 -0.000462
327.00 0.000013
327.50 -0.000577
328.00 0.000937
328.50 -0.000170
329.00 -0.000367
329.50 0.000655
330.00 0.001516
330.50 0.000004
331.00 -0.000015
331.50 0.000483
332.00 0.000013
332.50 -0.000189
333.00 0.000223
333.50 -0.000542
334.00 0.000002
334.50 0.000177
335.00 0.001325
335.50 0.001332
336.00 0.001034
336.50 -0.000322
337.00 -0.000280
337.50 0.000203
338.00 0.001141
338.50 0.000624
339.00 0.001003
339.50 0.001703
340.00 0.001095
340.50 0.001338
341.00 0.001584
341.50 0.001277
342.00 0.001154
342.50 0.002080
343.00 0.002020
343.50 0.001214
344.00 0.001588
344.50 0.000215
345.00 0.000713
345.50 0.001653
346.00 0.001591
346.50 0.001277
347.00 0.002159
347.50 0.000649
348.00 0.001405
348.50 0.000963
349.00 -0.000999
349.50 0.001198
350.00 0.000917
350.50 0.001676
351.00 0.001674
351.50 0.002420
352.00 0.001738
352.50 0.000787
353.00 0.002869
353.50 0.001815
354.00 0.002353
354.50 0.002341
355.00 0.001678
355.50 0.002316
356.00 0.001751
356.50 0.001886
357.00 0.001207
357.50 0.002346
358.00 0.001889
358.50 0.000555
359.00 0.002176
359.50 0.002101
360.00 0.000589
360.50 0.001548
361.00 0.001415
361.50 0.001616
362.00 0.001482
362.50 0.001622
363.00 0.001622
363.50 0.003084
364.00 0.002519
364.50 0.002786
365.00 0.002708
365.50 0.000408
366.00 0.003092
366.50 0.001072
367.00 0.000985
367.50 0.000139
368.00 0.002261
368.50 0.000370
369.00 0.001212
369.50 0.002729
370.00 0.002380
370.50 0.002714
371.00 0.002505
371.50 0.002097
372.00 0.000523
372.50 0.001993
373.00 0.003060
373.50 0.002272
374.00 0.002056
374.50 0.000936
375.00 0.001426
375.50 0.002048
376.00 0.002867
376.50 0.003337
377.00 0.002785
377.50 0.002980
378.00 0.003240
378.50 0.001497
379.00 0.001786
379.50 0.003142
380.00 0.003630
380.50 0.002700
381.00 0.002624
381.50 0.002339
382.00 0.002335
382.50 0.001781
383.00 0.001575
383.50 0.002186
384.00 0.001155
384.50 0.002013
385.00 0.001939
385.50 0.002295
386.00 0.001152
386.50 0.003913
387.00 0.002774
387.50 0.003115
388.00 0.001582
388.50 0.002338
389.00 0.001788
389.50 0.002217
390.00 0.002457
390.50 0.002090
391.00 0.003233
391.50 0.003575
392.00 0.001728
392.50 0.002287
393.00 0.002281
393.50 0.001864
394.00 0.001590
394.50 0.000723
395.00 0.002172
395.50 0.002024
396.00 0.002521
396.50 0.002301
397.00 0.003769
397.50 0.002290
398.00 0.003249
398.50 0.003372
399.00 0.002550
399.50 0.002614
400.00 0.003038
400.50 0.001954
401.00 0.002446
401.50 0.002228
402.00 0.002015
402.50 0.003665
403.00 0.003067
403.50 0.002399
404.00 0.002392
404.50 0.002170
405.00 0.002938
405.50 0.003062
406.00 0.001747
406.50 0.002191
407.00 0.001968
407.50 0.003611
408.00 0.003305
408.50 0.001398
409.00 0.002325
409.50 0.001535
410.00 0.001827
410.50 0.001969
411.00 0.001752
411.50 0.001681
412.00 0.002760
412.50 0.003751
413.00 0.004087
413.50 0.003122
414.00 0.002677
414.50 0.002993
415.00 0.003475
415.50 0.001688
416.00 0.002123
416.50 0.003903
417.00 0.001687
417.50 0.002842
418.00 0.002060
418.50 0.001181
419.00 0.002625
419.50 0.002471
420.00 0.001982
420.50 0.001694
421.00 0.002502
421.50 0.001113
422.00 0.001979
422.50 0.002612
423.00 0.002130
423.50 0.002144
424.00 0.002505
424.50 0.002133
425.00 0.001984
425.50 0.003403
426.00 0.001771
426.50 0.001775
427.00 0.002809
427.50 0.002798
428.00 0.002787
428.50 0.001627
429.00 0.002125
429.50 0.003450
430.00 0.001329
430.50 0.001925
431.00 0.002952
431.50 0.003597
432.00 0.000907
432.50 0.002706
433.00 0.001844
433.50 0.003383
434.00 0.003433
434.50 0.002898
435.00 0.003260
435.50 0.001853
436.00 0.001998
436.50 0.002503
437.00 0.002930
437.50 0.002708
438.00 0.003769
438.50 0.003261
439.00 0.003955
439.50 0.001781
440.00 0.002012
440.50 0.003583
441.00 0.003052
441.50 0.004008
442.00 0.003924
442.50 0.002298
443.00 0.003027
443.50 0.003094
444.00 0.002146
444.50 0.002722
445.00 0.003437
445.50 0.002499
446.00 0.001426
446.50 0.002067
447.00 0.002300
447.50 0.003302
448.00 0.003072
448.50 0.001567
449.00 0.002989
449.50 0.003060
450.00 0.003205
450.50 0.003870
451.00 0.002828
451.50 0.002530
452.00 0.002676
452.50 0.003188
453.00 0.001718
453.50 0.003035
454.00 0.002302
454.50 0.001864
455.00 0.003174
455.50 0.003244
456.00 0.003313
456.50 0.003600
457.00 0.003813
457.50 0.003090
458.00 0.003447
458.50 0.002942
459.00 0.002868
459.50 0.003368
460.00 0.002722
460.50 0.003649
461.00 0.005182
461.50 0.005598
462.00 0.004303
462.50 0.003617
463.00 0.006034
463.50 0.004368
464.00 0.005796
464.50 0.005865
465.00 0.007889
465.50 0.007204
466.00 0.007197
466.50 0.009358
467.00 0.010544
467.50 0.012321
468.00 0.013127
468.50 0.016087
469.00 0.017187
469.50 0.019607
470.00 0.023807
470.50 0.026585
471.00 0.031422
471.50 0.036257
472.00 0.043929
472.50 0.052637
473.00 0.059841
473.50 0.071100
474.00 0.085742
474.50 0.101617
475.00 0.122275
475.50 0.144863
476.00 0.176822
476.50 0.215653
477.00 0.261935
477.50 0.317662
478.00 0.386366
478.50 0.474767
479.00 0.578332
479.50 0.710840
480.00 0.872554
480.50 1.064753
481.00 1.307706
481.50 1.595857
482.00 1.943384
482.50 2.370755
483.00 2.872772
483.50 3.464090
484.00 4.167231
484.50 4.966033
485.00 5.919353
485.50 6.992929
486.00 8.217963
486.50 9.620522
487.00 11.141602
487.50 12.814723
488.00 14.711423
488.50 16.696548
489.00 18.892593
489.50 21.207783
490.00 23.624853
490.50 26.182636
491.00 28.773970
491.50 31.424942
492.00 34.224178
492.50 36.958675
493.00 39.774792
493.50 42.558453
494.00 45.280884
494.50 48.069557
495.00 50.737434
495.50 53.317356
496.00 55.955971
496.50 58.341026
497.00 60.681950
497.50 62.983746
498.00 65.143929
498.50 67.269447
499.00 69.215950
499.50 71.085014
500.00 72.842537
500.50 74.467636
501.00 75.996864
501.50 77.439346
502.00 78.806694
502.50 80.064880
503.00 81.243484
503.50 82.322342
504.00 83.381371
504.50 84.290955
505.00 85.167328
505.50 86.010414
506.00 86.719254
506.50 87.420189
507.00 88.030785
507.50 88.639168
508.00 89.177063
508.50 89.663803
509.00 90.108101
509.50 90.513367
510.00 90.900452
510.50 91.245178
511.00 91.540413
511.50 91.853371
512.00 92.124954
512.50 92.341240
513.00 92.579338
513.50 92.790245
514.00 92.969177
514.50 93.117592
515.00 93.259537
515.50 93.385223
516.00 93.506233
516.50 93.600929
517.00 93.697365
517.50 93.762054
518.00 93.847672
518.50 93.899307
519.00 93.936417
519.50 93.980286
520.00 94.044838
520.50 94.074402
521.00 94.101501
521.50 94.128326
522.00 94.110992
522.50 94.101700
523.00 94.091743
523.50 94.093369
524.00 94.084930
524.50 94.034744
525.00 93.989471
525.50 93.988358
526.00 93.942459
526.50 93.901955
527.00 93.849495
527.50 93.806007
528.00 93.754135
528.50 93.718246
529.00 93.634300
529.50 93.601395
530.00 93.523392
530.50 93.460121
531.00 93.382858
531.50 93.305847
532.00 93.203346
532.50 93.131599
533.00 93.021698
533.50 92.954903
534.00 92.833923
534.50 92.718178
535.00 92.648720
535.50 92.527130
536.00 92.420105
536.50 92.311745
537.00 92.189583
537.50 92.063683
538.00 91.934929
538.50 91.814491
539.00 91.699806
539.50 91.562180
540.00 91.408218
540.50 91.273361
541.00 91.124901
541.50 90.948708
542.00 90.793701
542.50 90.647835
543.00 90.491470
543.50 90.303925
544.00 90.143295
544.50 89.992195
545.00 89.789337
545.50 89.636482
546.00 89.443085
546.50 89.250122
547.00 89.082047
547.50 88.869431
548.00 88.680763
548.50 88.475266
549.00 88.262184
549.50 88.063797
550.00 87.833511
550.50 87.612488
551.00 87.377701
551.50 87.157738
552.00 86.921051
552.50 86.663132
553.00 86.437187
553.50 86.178474
554.00 85.933441
554.50 85.692581
555.00 85.421906
555.50 85.163986
556.00 84.906700
556.50 84.622795
557.00 84.344040
557.50 84.093315
558.00 83.781342
558.50 83.510979
559.00 83.212112
559.50 82.920441
560.00 82.605026
560.50 82.299393
561.00 82.002792
561.50 81.676643
562.00 81.332649
562.50 81.036285
563.00 80.696312
563.50 80.368095
564.00 80.024597
564.50 79.681931
565.00 79.348457
565.50 78.990349
566.00 78.642105
566.50 78.249496
567.00 77.889565
567.50 77.531036
568.00 77.142044
568.50 76.779457
569.00 76.370659
569.50 75.994255
570.00 75.604393
570.50 75.230316
571.00 74.809067
571.50 74.407539
572.00 73.996109
572.50 73.582512
573.00 73.197159
573.50 72.756073
574.00 72.336411
574.50 71.911385
575.00 71.461601
575.50 71.018997
576.00 70.577225
576.50 70.136353
577.00 69.683990
577.50 69.224983
578.00 68.779457
578.50 68.321114
579.00 67.833092
579.50 67.400322
580.00 66.917076
580.50 66.438583
581.00 65.992722
581.50 65.481674
582.00 64.990623
582.50 64.521988
583.00 64.018394
583.50 63.554729
584.00 63.050377
584.50 62.522964
585.00 62.036793
585.50 61.514896
586.00 61.005772
586.50 60.522930
587.00 60.016163
587.50 59.519684
588.00 58.965485
588.50 58.445652
589.00 57.933765
589.50 57.433350
590.00 56.892319
590.50 56.357964
591.00 55.814648
591.50 55.312538
592.00 54.770489
592.50 54.234737
593.00 53.724247
593.50 53.158482
594.00 52.634972
594.50 52.110790
595.00 51.547943
595.50 51.026028
596.00 50.494965
596.50 49.940163
597.00 49.398418
597.50 48.852169
598.00 48.312168
598.50 47.780418
599.00 47.220303
599.50 46.700115
600.00 46.156425
600.50 45.621597
601.00 45.101673
601.50 44.540058
602.00 44.008438
602.50 43.472324
603.00 42.911972
603.50 42.393463
604.00 41.867863
604.50 41.320992
605.00 40.794308
605.50 40.265289
606.00 39.725422
606.50 39.212296
607.00 38.654526
607.50 38.138535
608.00 37.610584
608.50 37.069778
609.00 36.560226
609.50 36.043835
610.00 35.517658
610.50 35.007793
611.00 34.478748
611.50 33.987175
612.00 33.470451
612.50 32.959087
613.00 32.449703
613.50 31.953144
614.00 31.459942
614.50 30.964178
615.00 30.465355
615.50 29.989025
616.00 29.502613
616.50 29.006252
617.00 28.531071
617.50 28.043869
618.00 27.572453
618.50 27.110615
619.00 26.645428
619.50 26.200161
620.00 25.732798
620.50 25.270096
621.00 24.827543
621.50 24.376827
622.00 23.935003
622.50 23.514217
623.00 23.070864
623.50 22.646852
624.00 22.226568
624.50 21.804228
625.00 21.395515
625.50 20.981512
626.00 20.568867
626.50 20.175535
627.00 19.775763
627.50 19.381348
628.00 18.996645
628.50 18.602375
629.00 18.230734
629.50 17.853369
630.00 17.477612
630.50 17.111996
631.00 16.743895
631.50 16.398024
632.00 16.051594
632.50 15.698020
633.00 15.357261
633.50 15.021173
634.00 14.685713
634.50 14.364597
635.00 14.042926
635.50 13.730286
636.00 13.417433
636.50 13.103457
637.00 12.810575
637.50 12.510535
638.00 12.214048
638.50 11.933312
639.00 11.634981
639.50 11.359053
640.00 11.081977
640.50 10.816569
641.00 10.551757
641.50 10.295860
642.00 10.033510
642.50 9.785835
643.00 9.535350
643.50 9.292847
644.00 9.059548
644.50 8.821162
645.00 8.600568
645.50 8.377114
646.00 8.151581
646.50 7.941413
647.00 7.730146
647.50 7.523646
648.00 7.322495
648.50 7.114604
649.00 6.924305
649.50 6.734840
650.00 6.542395
650.50 6.363816
651.00 6.184886
651.50 6.007679
652.00 5.839881
652.50 5.661710
653.00 5.499404
653.50 5.342236
654.00 5.183221
654.50 5.034594
655.00 4.884884
655.50 4.736843
656.00 4.596110
656.50 4.456467
657.00 4.324139
657.50 4.192415
658.00 4.061268
658.50 3.938443
659.00 3.814199
659.50 3.698196
660.00 3.582280
660.50 3.465289
661.00 3.358361
661.50 3.248572
662.00 3.139234
662.50 3.040783
663.00 2.939777
663.50 2.842943
664.00 2.752418
664.50 2.660190
665.00 2.572211
665.50 2.487024
666.00 2.400502
666.50 2.321757
667.00 2.241935
667.50 2.163750
668.00 2.091055
668.50 2.018539
669.00 1.948992
669.50 1.881645
670.00 1.815524
670.50 1.752704
671.00 1.689406
671.50 1.626975
672.00 1.569044
672.50 1.512485
673.00 1.458825
673.50 1.405288
674.00 1.351974
674.50 1.304363
675.00 1.254969
675.50 1.209163
676.00 1.162641
676.50 1.118885
677.00 1.076593
677.50 1.036977
678.00 0.997910
678.50 0.960959
679.00 0.925148
679.50 0.889567
680.00 0.854550
680.50 0.820583
681.00 0.787006
681.50 0.758093
682.00 0.727560
682.50 0.699908
683.00 0.671854
683.50 0.643500
684.00 0.618538
684.50 0.593929
685.00 0.568669
685.50 0.546111
686.00 0.523774
686.50 0.502317
687.00 0.483115
687.50 0.462328
688.00 0.442937
688.50 0.426207
689.00 0.406357
689.50 0.390985
690.00 0.374687
690.50 0.357972
691.00 0.343729
691.50 0.328111
692.00 0.315039
692.50 0.301988
693.00 0.287860
693.50 0.275141
694.00 0.264168
694.50 0.251405
695.00 0.241041
695.50 0.231022
696.00 0.220927
696.50 0.210875
697.00 0.201455
697.50 0.191407
698.00 0.184153
698.50 0.176720
699.00 0.167845
699.50 0.161848
700.00 0.154296
700.50 0.147628
701.00 0.140592
701.50 0.134910
702.00 0.128887
702.50 0.123094
703.00 0.115886
703.50 0.111566
704.00 0.106412
704.50 0.101784
705.00 0.097508
705.50 0.092415
706.00 0.088777
706.50 0.083722
707.00 0.080663
707.50 0.076023
708.00 0.072630
708.50 0.069422
709.00 0.064884
709.50 0.063476
710.00 0.059724
710.50 0.057005
711.00 0.055762
711.50 0.051915
712.00 0.049695
712.50 0.046423
713.00 0.045471
713.50 0.044271
714.00 0.041267
714.50 0.039154
715.00 0.037341
715.50 0.036237
716.00 0.033162
716.50 0.031192
717.00 0.030105
717.50 0.029997
718.00 0.028078
718.50 0.025899
719.00 0.023730
719.50 0.023103
720.00 0.022725
720.50 0.020447
721.00 0.021088
721.50 0.020170
722.00 0.019786
722.50 0.017739
723.00 0.017306
723.50 0.015953
724.00 0.015405
724.50 0.016023
725.00 0.014390
725.50 0.012369
726.00 0.011328
726.50 0.010818
727.00 0.010502
727.50 0.011278
728.00 0.008694
728.50 0.010053
729.00 0.009067
729.50 0.007777
730.00 0.008615
730.50 0.006935
731.00 0.007131
731.50 0.006989
732.00 0.005905
732.50 0.006091
733.00 0.005867
733.50 0.005636
734.00 0.005331
734.50 0.006048
735.00 0.004327
735.50 0.004764
736.00 0.004664
736.50 0.004008
737.00 0.003059
737.50 0.003147
738.00 0.003716
738.50 0.003656
739.00 0.003411
739.50 0.001326
740.00 0.001872
740.50 0.002569
741.00 0.001737
741.50 0.003715
742.00 0.002198
742.50 0.001534
743.00 0.003025
743.50 0.001669
744.00 0.001947
744.50 0.002723
745.00 0.001386
745.50 0.001670
746.00 0.002006
746.50 0.002213
747.00 0.002701
747.50 0.002019
748.00 0.001111
748.50 0.000750
749.00 0.001742
749.50 0.000336
750.00 0.000998
750.50 0.002017
751.00 0.001053
751.50 0.000696
752.00 0.002242
752.50 0.001605
753.00 -0.000127
753.50 -0.000814
754.00 0.000452
754.50 0.001334
755.00 0.000356
755.50 -0.000152
756.00 -0.000813
756.50 -0.000046
757.00 -0.000869
757.50 0.001817
758.00 0.000583
758.50 0.001057
759.00 0.000838
759.50 -0.000454
760.00 0.000645
760.50 -0.000808
761.00 0.000255
761.50 -0.000240
762.00 -0.000329
762.50 0.000421
763.00 0.000337
763.50 -0.000827
764.00 -0.000750
764.50 -0.001218
765.00 -0.000224
765.50 0.000378
766.00 -0.000681
766.50 -0.000002
767.00 0.000052
767.50 -0.000972
768.00 -0.000261
768.50 -0.000608
769.00 -0.000564
769.50 -0.001209
770.00 -0.000263
770.50 -0.000355
771.00 -0.001303
771.50 -0.000975
772.00 -0.000263
772.50 -0.000816
773.00 -0.001050
773.50 -0.000384
774.00 0.000995
774.50 -0.000570
775.00 -0.000450
775.50 -0.000594
776.00 -0.001879
776.50 -0.000484
777.00 -0.001195
777.50 -0.000877
778.00 0.000925
778.50 -0.000504
779.00 -0.000311
779.50 -0.000597
780.00 0.001362
780.50 -0.000143
781.00 0.000667
781.50 -0.001016
782.00 -0.000409
782.50 -0.000716
783.00 0.000195
783.50 -0.000401
784.00 -0.000123
784.50 -0.001567
785.00 -0.000705
785.50 0.000523
786.00 0.000371
786.50 0.000287
787.00 0.000202
787.50 0.000332
788.00 0.000095
788.50 -0.000197
789.00 0.000609
789.50 -0.000234
790.00 -0.001232
790.50 -0.001191
791.00 0.000496
791.50 -0.000740
792.00 -0.000327
792.50 -0.001182
793.00 0.001025
793.50 -0.000780
794.00 0.000035
794.50 0.000090
795.00 -0.000352
795.50 -0.000012
796.00 -0.000173
796.50 -0.000336
797.00 0.000531
797.50 -0.000448
798.00 -0.000920
798.50 -0.000109
799.00 0.000334
799.50 -0.001446
800.00 -0.001526
800.50 -0.001750
801.00 -0.001108
801.50 -0.000536
802.00 -0.001708
802.50 -0.000478
803.00 -0.001292
803.50 -0.000124
804.00 -0.000541
804.50 -0.000687
805.00 -0.000767
805.50 -0.001610
806.00 -0.000442
806.50 -0.001152
807.00 0.001857
807.50 -0.000899
808.00 0.000366
808.50 -0.000858
809.00 -0.001665
809.50 -0.001398
810.00 -0.000178
810.50 -0.000557
811.00 -0.000839
811.50 -0.000275
812.00 0.000056
812.50 -0.001003
813.00 -0.001798
813.50 -0.000197
814.00 0.000644
814.50 -0.001530
815.00 -0.000686
815.50 -0.001598
816.00 -0.000269
816.50 0.001576
817.00 0.000178
817.50 -0.001462
818.00 0.000215
818.50 -0.000092
819.00 0.000099
819.50 -0.000473
820.00 -0.000018
820.50 -0.000462
821.00 0.000360
821.50 0.000051
822.00 -0.001316
822.50 0.000333
823.00 -0.001786
823.50 0.000713
824.00 0.000319
824.50 -0.002028
825.00 -0.000300
825.50 -0.001888
826.00 -0.000164
826.50 -0.000757
827.00 0.001148
827.50 -0.000341
828.00 -0.001408
828.50 -0.001290
829.00 -0.000110
829.50 -0.000220
830.00 0.000075
830.50 -0.000311
831.00 -0.000351
831.50 0.000278
832.00 -0.000588
832.50 -0.000149
833.00 -0.000800
833.50 -0.001012
834.00 -0.000368
834.50 -0.000825
835.00 -0.001555
835.50 0.000143
836.00 -0.000455
836.50 -0.000301
837.00 -0.000830
837.50 -0.000880
838.00 0.000266
838.50 0.000354
839.00 -0.001891
839.50 -0.001538
840.00 0.000907
840.50 -0.001051
841.00 0.000505
841.50 -0.000235
842.00 -0.000630
842.50 -0.000027
843.00 -0.001092
843.50 0.000372
844.00 0.000303
844.50 -0.000634
845.00 -0.001233
845.50 0.000028
846.00 -0.000707
846.50 -0.000245
847.00 0.000220
847.50 -0.002378
848.00 -0.001163
848.50 0.000323
849.00 -0.000464
849.50 -0.001508
850.00 -0.000865
850.50 -0.000480
851.00 -0.000424
851.50 -0.000760
852.00 -0.000680
852.50 -0.000374
853.00 -0.000329
853.50 -0.000591
854.00 0.000389
854.50 -0.000578
855.00 0.000118
855.50 -0.001184
856.00 0.000619
856.50 -0.000039
857.00 -0.000701
857.50 -0.000940
858.00 -0.000379
858.50 -0.000133
859.00 -0.001366
859.50 0.001005
860.00 -0.000875
860.50 0.000156
861.00 -0.000111
861.50 0.000752
862.00 -0.000438
862.50 -0.000704
863.00 0.000559
863.50 0.000170
864.00 0.000166
864.50 -0.000098
865.00 0.000994
865.50 0.001636
866.00 -0.000614
866.50 0.000443
867.00 0.000374
867.50 0.000690
868.00 0.000435
868.50 0.000496
869.00 -0.000077
869.50 -0.000590
870.00 0.000803
870.50 -0.000088
871.00 -0.001046
871.50 -0.000854
872.00 -0.001173
872.50 -0.001110
873.00 0.000545
873.50 -0.000602
874.00 0.000287
874.50 -0.000724
875.00 -0.000410
875.50 -0.001287
876.00 -0.000909
876.50 -0.000393
877.00 -0.000580
877.50 -0.000634
878.00 0.000309
878.50 -0.000371
879.00 0.000502
879.50 -0.000184
880.00 -0.000621
880.50 0.000474
881.00 0.000101
881.50 0.000297
882.00 -0.001007
882.50 -0.000561
883.00 -0.001218
883.50 0.000213
884.00 -0.000600
884.50 0.000439
885.00 -0.001144
885.50 0.000294
886.00 -0.001050
886.50 -0.001283
887.00 0.001560
887.50 -0.001224
888.00 0.001746
888.50 -0.000320
889.00 -0.000610
889.50 -0.002231
890.00 0.001616
890.50 -0.000174
891.00 0.000105
891.50 -0.001246
892.00 -0.001323
892.50 0.002817
893.00 0.000193
893.50 0.001429
894.00 0.001244
894.50 -0.000968
895.00 -0.003144
895.50 0.001617
896.00 -0.002923
896.50 0.003336
897.00 0.003049
897.50 0.001305
898.00 0.000063
898.50 -0.000242
899.00 -0.000295
899.50 -0.002275
900.00 -0.005465
900.50 -0.005368
901.00 -0.000351
901.50 -0.001296
902.00 -0.006700
902.50 -0.003019
903.00 0.003239
903.50 -0.004841
904.00 -0.004638
904.50 0.000961
905.00 -0.001720
905.50 -0.001515
906.00 -0.003912
906.50 -0.002759
907.00 -0.002811
907.50 -0.001259
908.00 -0.003811
908.50 -0.004946
909.00 -0.005125
909.50 -0.006152
910.00 -0.004576
910.50 -0.001657
911.00 -0.002815
911.50 -0.006256
912.00 -0.007018
912.50 -0.004786
913.00 -0.003192
913.50 -0.004629
914.00 -0.007323
914.50 -0.004016
915.00 -0.001019
915.50 -0.004934
916.00 -0.003786
916.50 -0.003210
917.00 -0.004660
917.50 -0.005276
918.00 -0.002822
918.50 -0.002081
919.00 -0.007221
919.50 -0.003528
920.00 -0.002506
920.50 -0.006738
921.00 -0.004916
921.50 -0.001301
922.00 -0.002225
922.50 -0.002829
923.00 -0.002558
923.50 -0.001653
924.00 -0.005962
924.50 -0.002861
925.00 -0.001803
925.50 0.000749
926.00 -0.006052
926.50 -0.009124
927.00 -0.005477
927.50 -0.000607
928.00 -0.004233
928.50 -0.011839
929.00 -0.000028
929.50 -0.003137
930.00 -0.005304
930.50 -0.001026
931.00 -0.008695
931.50 -0.004642
932.00 -0.001394
932.50 -0.000811
933.00 -0.005132
933.50 -0.004923
934.00 -0.000491
934.50 -0.003310
935.00 -0.008406
935.50 -0.005415
936.00 -0.004585
936.50 -0.000468
937.00 -0.002223
937.50 -0.007058
938.00 -0.006758
938.50 -0.004597
939.00 -0.000718
939.50 -0.004267
940.00 -0.005811
940.50 -0.005122
941.00 -0.005083
941.50 -0.002338
942.00 -0.005275
942.50 -0.004650
943.00 -0.002503
943.50 -0.004212
944.00 -0.003481
944.50 -0.003076
945.00 -0.007674
945.50 -0.006355
946.00 -0.002710
946.50 -0.002782
947.00 -0.007080
947.50 -0.002243
948.00 -0.007142
948.50 -0.001084
949.00 -0.004202
949.50 -0.007485
950.00 -0.000212
950.50 -0.007866
951.00 -0.004904
951.50 -0.005511
952.00 -0.002792
952.50 -0.004229
953.00 -0.006125
953.50 -0.006733
954.00 -0.003865
954.50 -0.002821
955.00 -0.005340
955.50 -0.005096
956.00 -0.004105
956.50 -0.001835
957.00 -0.005425
957.50 -0.005975
958.00 -0.004418
958.50 -0.005570
959.00 -0.005111
959.50 -0.004986
960.00 -0.005476
960.50 0.000299
961.00 0.000121
961.50 -0.006554
962.00 -0.005235
962.50 -0.002916
963.00 -0.003496
963.50 -0.004285
964.00 -0.004835
964.50 -0.001574
965.00 -0.001736
965.50 -0.005024
966.00 -0.005372
966.50 -0.005169
967.00 -0.003896
967.50 -0.009969
968.00 -0.003966
968.50 -0.003412
969.00 -0.005657
969.50 -0.006863
970.00 -0.003487
970.50 -0.005519
971.00 -0.006956
971.50 -0.002083
972.00 -0.003189
972.50 -0.005263
973.00 -0.004315
973.50 -0.001536
974.00 -0.002907
974.50 -0.007162
975.00 -0.005956
975.50 -0.003732
976.00 -0.007300
976.50 -0.005354
977.00 -0.001133
977.50 -0.005073
978.00 -0.007319
978.50 -0.003477
979.00 -0.000888
979.50 -0.008121
980.00 -0.001081
980.50 -0.005986
981.00 -0.007292
981.50 -0.002271
982.00 -0.006920
982.50 -0.005291
983.00 -0.004512
983.50 -0.004644
984.00 -0.004965
984.50 -0.003745
985.00 -0.003613
985.50 -0.002996
986.00 -0.004277
986.50 -0.006872
987.00 -0.004708
987.50 -0.003818
988.00 -0.003849
988.50 -0.005848
989.00 -0.007724
989.50 -0.004008
990.00 -0.003117
990.50 -0.006170
991.00 -0.007287
991.50 -0.005425
992.00 -0.002614
992.50 -0.006039
993.00 -0.003961
993.50 -0.005811
994.00 -0.004151
994.50 -0.004056
995.00 -0.003627
995.50 -0.004690
996.00 -0.006635
996.50 -0.003433
997.00 -0.006480
997.50 -0.003571
998.00 -0.003536
998.50 -0.004745
999.00 -0.004366
999.50 -0.003787
1000.00 -0.006035
1000.50 -0.006511
1001.00 -0.004417
1001.50 -0.000552
1002.00 -0.000883
1002.50 -0.007612
1003.00 -0.003751
1003.50 -0.006019
1004.00 -0.006190
1004.50 -0.003799
1005.00 -0.002008
1005.50 -0.006645
1006.00 -0.003262
1006.50 -0.001271
1007.00 -0.003723
1007.50 -0.006329
1008.00 -0.004474
1008.50 -0.001706
1009.00 -0.003973
1009.50 -0.006049
1010.00 -0.003567
1010.50 -0.007210
1011.00 -0.006359
1011.50 -0.000160
1012.00 0.000436
1012.50 -0.009688
1013.00 -0.006045
1013.50 -0.001595
1014.00 -0.007013
1014.50 -0.005975
1015.00 -0.003426
1015.50 -0.002229
1016.00 -0.007911
1016.50 -0.006654
1017.00 -0.002236
1017.50 -0.003826
1018.00 -0.005267
1018.50 -0.003992
1019.00 -0.008628
1019.50 -0.003157
1020.00 -0.006523
1020.50 -0.001597
1021.00 -0.001119
1021.50 -0.005834
1022.00 -0.007443
1022.50 -0.003509
1023.00 -0.004702
1023.50 -0.002891
1024.00 -0.001934
1024.50 -0.007977
1025.00 -0.003969
1025.50 -0.009712
1026.00 -0.004155
1026.50 -0.003800
1027.00 -0.005939
1027.50 -0.005398
1028.00 -0.000866
1028.50 -0.009629
1029.00 -0.005760
1029.50 -0.001130
1030.00 -0.005522
1030.50 -0.003526
1031.00 -0.006137
1031.50 -0.005882
1032.00 -0.005473
1032.50 -0.007587
1033.00 -0.002467
1033.50 -0.006374
1034.00 -0.005069
1034.50 -0.007325
1035.00 -0.005016
1035.50 -0.006751
1036.00 -0.004846
1036.50 -0.005735
1037.00 -0.002670
1037.50 -0.003718
1038.00 -0.007439
1038.50 -0.004442
1039.00 -0.007315
1039.50 -0.006923
1040.00 -0.002173
1040.50 -0.005212
1041.00 -0.006278
1041.50 -0.005554
1042.00 -0.003969
1042.50 -0.007854
1043.00 -0.004306
1043.50 -0.004089
1044.00 -0.004745
1044.50 -0.001792
1045.00 -0.007745
1045.50 -0.004288
1046.00 -0.001245
1046.50 -0.008329
1047.00 -0.007128
1047.50 -0.001760
1048.00 -0.006675
1048.50 -0.004090
1049.00 -0.001365
1049.50 -0.001834
1050.00 -0.009421
1050.50 -0.004287
1051.00 -0.008489
1051.50 -0.002730
1052.00 -0.006608
1052.50 -0.006796
1053.00 -0.004084
1053.50 -0.006961
1054.00 -0.006668
1054.50 -0.001286
1055.00 -0.005981
1055.50 -0.006717
1056.00 -0.006931
1056.50 -0.006607
1057.00 -0.005673
1057.50 -0.005984
1058.00 -0.006510
1058.50 -0.004467
1059.00 -0.006071
1059.50 -0.003931
1060.00 -0.007280
1060.50 -0.004159
1061.00 -0.002256
1061.50 -0.008325
1062.00 -0.005178
1062.50 -0.002779
1063.00 -0.006315
1063.50 -0.001539
1064.00 -0.005918
1064.50 -0.005616
1065.00 -0.006606
1065.50 -0.006652
1066.00 -0.007365
1066.50 -0.004285
1067.00 -0.002334
1067.50 -0.008229
1068.00 -0.006341
1068.50 -0.002092
1069.00 -0.007722
1069.50 -0.005404
1070.00 -0.005819
1070.50 -0.005963
1071.00 0.001674
1071.50 -0.004317
1072.00 -0.007059
1072.50 -0.006947
1073.00 -0.007072
1073.50 -0.005144
1074.00 -0.004689
1074.50 -0.002980
1075.00 -0.004930
1075.50 -0.004035
1076.00 -0.003884
1076.50 -0.001258
1077.00 -0.010246
1077.50 -0.010535
1078.00 -0.002233
1078.50 -0.003477
1079.00 -0.008254
1079.50 -0.005287
1080.00 -0.000258
1080.50 -0.006256
1081.00 -0.009733
1081.50 -0.005350
1082.00 -0.003218
1082.50 -0.008057
1083.00 -0.008171
1083.50 -0.003965
1084.00 -0.005817
1084.50 -0.004276
1085.00 -0.005082
1085.50 -0.006597
1086.00 -0.008719
1086.50 -0.008247
1087.00 -0.007915
1087.50 -0.002493
1088.00 -0.006312
1088.50 -0.010785
1089.00 -0.004326
1089.50 -0.005944
1090.00 -0.005406
1090.50 -0.008011
1091.00 -0.007267
1091.50 -0.003734
1092.00 -0.006290
1092.50 -0.003587
1093.00 -0.003741
1093.50 -0.001496
1094.00 -0.004171
1094.50 -0.006858
1095.00 -0.006604
1095.50 -0.003744
1096.00 -0.000893
1096.50 -0.006039
1097.00 -0.006753
1097.50 -0.003545
1098.00 -0.007255
1098.50 -0.005908
1099.00 -0.006441
1099.50 -0.001661
1100.00 -0.004948
