348.00 0.000112
349.00 0.000151
350.00 0.000158
351.00 0.000193
352.00 0.000227
353.00 0.000234
354.00 0.000217
355.00 0.000230
356.00 0.000278
357.00 0.000329
358.00 0.000381
359.00 0.000424
360.00 0.000454
361.00 0.000500
362.00 0.000549
363.00 0.000607
364.00 0.000679
365.00 0.000741
366.00 0.000789
367.00 0.000832
368.00 0.000864
369.00 0.000890
370.00 0.000908
371.00 0.000926
372.00 0.000937
373.00 0.000937
374.00 0.000940
375.00 0.001000
376.00 0.000991
377.00 0.000987
378.00 0.000974
379.00 0.000952
380.00 0.000926
381.00 0.000904
382.00 0.000873
383.00 0.000839
384.00 0.000806
385.00 0.000777
386.00 0.000738
387.00 0.000700
388.00 0.000661
389.00 0.000617
390.00 0.000583
391.00 0.000556
392.00 0.000536
393.00 0.000500
394.00 0.000451
395.00 0.000398
396.00 0.000370
397.00 0.000379
398.00 0.000400
399.00 0.000414
400.00 0.000395
401.00 0.000342
402.00 0.000297
403.00 0.000285
404.00 0.000331
405.00 0.000398
406.00 0.000467
407.00 0.000512
408.00 0.000538
409.00 0.000578
410.00 0.000691
411.00 0.000966
412.00 0.001441
413.00 0.002082
414.00 0.002756
415.00 0.003377
416.00 0.003994
417.00 0.004842
418.00 0.006326
419.00 0.008848
420.00 0.012780
421.00 0.018210
422.00 0.025070
423.00 0.033320
424.00 0.043330
425.00 0.056300
426.00 0.073210
427.00 0.094610
428.00 0.120500
429.00 0.150100
430.00 0.181500
431.00 0.212500
432.00 0.241700
433.00 0.270400
434.00 0.298800
435.00 0.328200
436.00 0.355900
437.00 0.381100
438.00 0.402000
439.00 0.417300
440.00 0.427800
441.00 0.436000
442.00 0.440900
443.00 0.445000
444.00 0.448700
445.00 0.451900
446.00 0.455300
447.00 0.458500
448.00 0.461700
449.00 0.463800
450.00 0.464800
451.00 0.465600
452.00 0.466900
453.00 0.468500
454.00 0.472500
455.00 0.477700
456.00 0.484300
457.00 0.491200
458.00 0.496600
459.00 0.500200
460.00 0.502300
461.00 0.502300
462.00 0.501500
463.00 0.501000
464.00 0.502100
465.00 0.504200
466.00 0.508700
467.00 0.514900
468.00 0.521700
469.00 0.528400
470.00 0.533500
471.00 0.536200
472.00 0.537600
473.00 0.537500
474.00 0.536500
475.00 0.536000
476.00 0.537500
477.00 0.540300
478.00 0.545600
479.00 0.552200
480.00 0.558400
481.00 0.565200
482.00 0.569600
483.00 0.572900
484.00 0.576500
485.00 0.578600
486.00 0.581100
487.00 0.583700
488.00 0.587600
489.00 0.591800
490.00 0.596400
491.00 0.601200
492.00 0.605200
493.00 0.607600
494.00 0.609500
495.00 0.610300
496.00 0.611000
497.00 0.612000
498.00 0.614300
499.00 0.618300
500.00 0.623900
501.00 0.629000
502.00 0.634100
503.00 0.639300
504.00 0.643100
505.00 0.645500
506.00 0.645000
507.00 0.643500
508.00 0.640900
509.00 0.637100
510.00 0.634000
511.00 0.631700
512.00 0.631400
513.00 0.632400
514.00 0.635400
515.00 0.639200
516.00 0.643100
517.00 0.647300
518.00 0.651000
519.00 0.654000
520.00 0.655600
521.00 0.656700
522.00 0.658000
523.00 0.659400
524.00 0.660800
525.00 0.662900
526.00 0.665200
527.00 0.667200
528.00 0.669500
529.00 0.671000
530.00 0.672000
531.00 0.671900
532.00 0.670800
533.00 0.669700
534.00 0.668000
535.00 0.666500
536.00 0.666300
537.00 0.667200
538.00 0.669200
539.00 0.672200
540.00 0.676000
541.00 0.680000
542.00 0.683300
543.00 0.685800
544.00 0.687500
545.00 0.687500
546.00 0.686800
547.00 0.685500
548.00 0.683400
549.00 0.681900
550.00 0.680900
551.00 0.681000
552.00 0.683200
553.00 0.686500
554.00 0.689700
555.00 0.692800
556.00 0.697200
557.00 0.700600
558.00 0.702300
559.00 0.703300
560.00 0.703500
561.00 0.703300
562.00 0.702100
563.00 0.700600
564.00 0.699700
565.00 0.699800
566.00 0.700000
567.00 0.702200
568.00 0.704900
569.00 0.707200
570.00 0.710100
571.00 0.712800
572.00 0.715000
573.00 0.715700
574.00 0.715300
575.00 0.714500
576.00 0.713000
577.00 0.711500
578.00 0.709400
579.00 0.707600
580.00 0.706900
581.00 0.707100
582.00 0.708700
583.00 0.711200
584.00 0.714500
585.00 0.717700
586.00 0.720800
587.00 0.723000
588.00 0.724400
589.00 0.725000
590.00 0.724200
591.00 0.722000
592.00 0.718900
593.00 0.715900
594.00 0.713100
595.00 0.710600
596.00 0.708800
597.00 0.708100
598.00 0.708400
599.00 0.710200
600.00 0.713500
601.00 0.715500
602.00 0.717000
603.00 0.718800
604.00 0.720800
605.00 0.721400
606.00 0.720800
607.00 0.718500
608.00 0.714800
609.00 0.710600
610.00 0.705800
611.00 0.700300
612.00 0.695400
613.00 0.690400
614.00 0.686000
615.00 0.683600
616.00 0.681500
617.00 0.681400
618.00 0.681200
619.00 0.683300
620.00 0.685500
621.00 0.688300
622.00 0.691000
623.00 0.693600
624.00 0.695000
625.00 0.696400
626.00 0.696700
627.00 0.695400
628.00 0.693200
629.00 0.690400
630.00 0.687000
631.00 0.683000
632.00 0.679800
633.00 0.676600
634.00 0.672900
635.00 0.670800
636.00 0.668600
637.00 0.667300
638.00 0.667200
639.00 0.667100
640.00 0.667900
641.00 0.669100
642.00 0.670300
643.00 0.671400
644.00 0.672700
645.00 0.673000
646.00 0.674000
647.00 0.673500
648.00 0.672700
649.00 0.671100
650.00 0.670100
651.00 0.668300
652.00 0.667400
653.00 0.665600
654.00 0.663800
655.00 0.662200
656.00 0.660800
657.00 0.658800
658.00 0.658400
659.00 0.657900
660.00 0.656800
661.00 0.656600
662.00 0.656000
663.00 0.655800
664.00 0.655400
665.00 0.655600
666.00 0.654900
667.00 0.655900
668.00 0.654300
669.00 0.653900
670.00 0.653100
671.00 0.652900
672.00 0.651900
673.00 0.651100
674.00 0.650300
675.00 0.649100
676.00 0.646800
677.00 0.646500
678.00 0.645000
679.00 0.644400
680.00 0.642000
681.00 0.640700
682.00 0.640000
683.00 0.637300
684.00 0.635500
685.00 0.633500
686.00 0.631800
687.00 0.629600
688.00 0.627600
689.00 0.625400
690.00 0.624200
691.00 0.622900
692.00 0.621000
693.00 0.619700
694.00 0.618500
695.00 0.617200
696.00 0.617200
697.00 0.616300
698.00 0.615700
699.00 0.616500
700.00 0.615900
701.00 0.615000
702.00 0.613500
703.00 0.612900
704.00 0.611000
705.00 0.610400
706.00 0.609300
707.00 0.607000
708.00 0.606500
709.00 0.603900
710.00 0.602500
711.00 0.600200
712.00 0.596800
713.00 0.595900
714.00 0.593300
715.00 0.590700
716.00 0.588900
717.00 0.586000
718.00 0.584000
719.00 0.582000
720.00 0.581400
721.00 0.578400
722.00 0.577100
723.00 0.576200
724.00 0.574800
725.00 0.574000
726.00 0.572500
727.00 0.570800
728.00 0.570600
729.00 0.568900
730.00 0.567000
731.00 0.566600
732.00 0.564500
733.00 0.563800
734.00 0.564200
735.00 0.561300
736.00 0.560300
737.00 0.559500
738.00 0.559200
739.00 0.558200
740.00 0.556200
741.00 0.554900
742.00 0.553200
743.00 0.552300
744.00 0.550200
745.00 0.548600
746.00 0.547100
747.00 0.546000
748.00 0.543900
749.00 0.542800
750.00 0.541200
751.00 0.538300
752.00 0.537000
753.00 0.535900
754.00 0.533400
755.00 0.532100
756.00 0.531100
757.00 0.528400
758.00 0.526600
759.00 0.524700
760.00 0.522800
761.00 0.520700
762.00 0.520200
763.00 0.517200
764.00 0.515000
765.00 0.513400
766.00 0.511300
767.00 0.508700
768.00 0.505300
769.00 0.504400
770.00 0.502200
771.00 0.500300
772.00 0.498200
773.00 0.495700
774.00 0.493400
775.00 0.490500
776.00 0.489200
777.00 0.488500
778.00 0.487000
779.00 0.485500
780.00 0.484100
781.00 0.483600
782.00 0.482100
783.00 0.480100
784.00 0.480200
785.00 0.479300
786.00 0.478300
787.00 0.477200
788.00 0.475800
789.00 0.476300
790.00 0.476100
791.00 0.474300
792.00 0.472700
793.00 0.471500
794.00 0.470700
795.00 0.468800
796.00 0.467400
797.00 0.465200
798.00 0.461900
799.00 0.469000
800.00 0.468100
801.00 0.464600
802.00 0.461200
803.00 0.458800
804.00 0.455800
805.00 0.452400
806.00 0.449400
807.00 0.447100
808.00 0.444600
809.00 0.442300
810.00 0.439500
811.00 0.437700
812.00 0.435700
813.00 0.433400
814.00 0.430800
815.00 0.428800
816.00 0.427300
817.00 0.425000
818.00 0.421900
819.00 0.419500
820.00 0.415600
821.00 0.413300
822.00 0.410100
823.00 0.406900
824.00 0.402800
825.00 0.400300
826.00 0.397900
827.00 0.394300
828.00 0.391100
829.00 0.387200
830.00 0.383000
831.00 0.379500
832.00 0.376200
833.00 0.372500
834.00 0.368400
835.00 0.364600
836.00 0.361100
837.00 0.358700
838.00 0.356100
839.00 0.353900
840.00 0.352000
841.00 0.349200
842.00 0.347300
843.00 0.345200
844.00 0.343400
845.00 0.341000
846.00 0.339300
847.00 0.337700
848.00 0.334400
849.00 0.332900
850.00 0.332200
851.00 0.330700
852.00 0.328400
853.00 0.327200
854.00 0.325600
855.00 0.323600
856.00 0.322400
857.00 0.321100
858.00 0.318200
859.00 0.318100
860.00 0.315500
861.00 0.312700
862.00 0.310700
863.00 0.308700
864.00 0.306700
865.00 0.304600
866.00 0.302700
867.00 0.300900
868.00 0.298900
869.00 0.296800
870.00 0.294800
871.00 0.292500
872.00 0.289700
873.00 0.286500
874.00 0.283000
875.00 0.278600
876.00 0.273600
877.00 0.267300
878.00 0.260500
879.00 0.252300
880.00 0.243400
881.00 0.233200
882.00 0.222200
883.00 0.210100
884.00 0.197200
885.00 0.183800
886.00 0.169500
887.00 0.155400
888.00 0.141000
889.00 0.126200
890.00 0.112500
891.00 0.098690
892.00 0.086030
893.00 0.074010
894.00 0.063220
895.00 0.053400
896.00 0.044640
897.00 0.037150
898.00 0.030640
899.00 0.024850
900.00 0.020320
901.00 0.016600
902.00 0.013460
903.00 0.010970
904.00 0.008958
905.00 0.007281
906.00 0.005943
907.00 0.004877
908.00 0.003998
909.00 0.003305
910.00 0.002737
911.00 0.002321
912.00 0.001901
913.00 0.001598
914.00 0.001378
915.00 0.001169
916.00 0.001019
917.00 0.000858
918.00 0.000758
919.00 0.000663
920.00 0.000587
921.00 0.000543
922.00 0.000485
923.00 0.000437
924.00 0.000419
925.00 0.000375
926.00 0.000346
927.00 0.000313
928.00 0.000331
929.00 0.000309
930.00 0.000281
931.00 0.000265
932.00 0.000260
933.00 0.000260
934.00 0.000235
935.00 0.000221
936.00 0.000208
937.00 0.000197
938.00 0.000226
939.00 0.000201
940.00 0.000217
941.00 0.000225
942.00 0.000201
943.00 0.000180
944.00 0.000185
945.00 0.000163
946.00 0.000166
947.00 0.000155
948.00 0.000156
949.00 0.000140
950.00 0.000148
951.00 0.000148
952.00 0.000150
953.00 0.000148
954.00 0.000145
955.00 0.000140
956.00 0.000139
957.00 0.000134
958.00 0.000163
959.00 0.000134
960.00 0.000154
961.00 0.000131
962.00 0.000123
963.00 0.000134
964.00 0.000132
965.00 0.000138
966.00 0.000132
967.00 0.000125
968.00 0.000129
969.00 0.000117
970.00 0.000121
