298.00 0.000000
300.50 0.000100
303.00 0.000500
305.50 0.001300
308.00 0.002600
310.50 0.005200
313.00 0.009300
315.50 0.016100
318.00 0.024000
320.50 0.032300
323.00 0.040500
325.50 0.048500
328.00 0.056100
330.50 0.063400
333.00 0.070000
335.50 0.075600
338.00 0.080300
340.50 0.084800
343.00 0.088300
345.50 0.091700
348.00 0.095900
350.50 0.100100
353.00 0.102900
355.50 0.104400
358.00 0.105300
360.50 0.106300
363.00 0.107500
365.50 0.108500
368.00 0.108400
370.50 0.106400
373.00 0.102400
375.50 0.096600
378.00 0.088700
380.50 0.078700
383.00 0.067200
385.50 0.054900
388.00 0.041300
390.50 0.026800
393.00 0.014500
395.50 0.007500
398.00 0.004200
400.50 0.002200
403.00 0.001000
405.50 0.000600
408.00 0.000400
410.50 0.000200
413.00 0.000000
