538.00 0.000000
540.50 0.001400
543.00 0.009900
545.50 0.025900
548.00 0.049700
550.50 0.080700
553.00 0.118600
555.50 0.162500
558.00 0.209300
560.50 0.255500
563.00 0.297500
565.50 0.332600
568.00 0.360900
570.50 0.383400
573.00 0.401000
575.50 0.414700
578.00 0.425300
580.50 0.433300
583.00 0.439500
585.50 0.444600
588.00 0.448900
590.50 0.452700
593.00 0.456300
595.50 0.459900
598.00 0.463400
600.50 0.466500
603.00 0.468900
605.50 0.470300
608.00 0.471100
610.50 0.471700
613.00 0.472700
615.50 0.474400
618.00 0.476700
620.50 0.479200
623.00 0.481900
625.50 0.484400
628.00 0.486700
630.50 0.488700
633.00 0.490200
635.50 0.490900
638.00 0.491200
640.50 0.491200
643.00 0.491200
645.50 0.491400
648.00 0.491500
650.50 0.491200
653.00 0.490100
655.50 0.487800
658.00 0.485200
660.50 0.481800
663.00 0.469700
665.50 0.442100
668.00 0.400900
670.50 0.349900
673.00 0.292400
675.50 0.231800
678.00 0.171500
680.50 0.115200
683.00 0.068700
685.50 0.038000
688.00 0.021200
690.50 0.013400
693.00 0.009900
695.50 0.007600
698.00 0.005500
700.50 0.003900
703.00 0.002700
705.50 0.002000
708.00 0.001500
710.50 0.001200
713.00 0.001000
715.50 0.000700
718.00 0.000400
720.50 0.000200
723.00 0.000000
