773.00 0.000000
775.50 0.000000
778.00 0.000100
780.50 0.000100
783.00 0.000100
785.50 0.000200
788.00 0.000200
790.50 0.000300
793.00 0.000500
795.50 0.000700
798.00 0.001100
800.50 0.001700
803.00 0.002700
805.50 0.004000
808.00 0.005700
810.50 0.007900
813.00 0.010600
815.50 0.013900
818.00 0.017800
820.50 0.022200
823.00 0.027100
825.50 0.032400
828.00 0.038200
830.50 0.044600
833.00 0.051100
835.50 0.056400
838.00 0.060300
840.50 0.063700
843.00 0.066700
845.50 0.069400
848.00 0.071700
850.50 0.073600
853.00 0.075200
855.50 0.076500
858.00 0.077500
860.50 0.078200
863.00 0.078600
865.50 0.078700
868.00 0.078500
870.50 0.078000
873.00 0.077200
875.50 0.076300
878.00 0.075100
880.50 0.073800
883.00 0.072300
885.50 0.070800
888.00 0.069300
890.50 0.067400
893.00 0.063200
895.50 0.058100
898.00 0.054300
900.50 0.052600
903.00 0.052300
905.50 0.052200
908.00 0.051200
910.50 0.049600
913.00 0.048100
915.50 0.047300
918.00 0.047600
920.50 0.048200
923.00 0.047600
925.50 0.044700
928.00 0.039100
930.50 0.032900
933.00 0.028300
935.50 0.026400
938.00 0.027100
940.50 0.028300
943.00 0.027500
945.50 0.025400
948.00 0.025200
950.50 0.025600
953.00 0.024600
955.50 0.024400
958.00 0.025200
960.50 0.025800
963.00 0.026500
965.50 0.027400
968.00 0.027900
970.50 0.027100
973.00 0.025200
975.50 0.023600
978.00 0.022700
980.50 0.022200
983.00 0.021600
985.50 0.020800
988.00 0.019600
990.50 0.018300
993.00 0.017100
995.50 0.016000
998.00 0.014900
1000.50 0.013800
1003.00 0.012800
1005.50 0.011800
1008.00 0.010800
1010.50 0.009900
1013.00 0.009100
1015.50 0.008300
1018.00 0.007500
1020.50 0.006800
1023.00 0.006100
1025.50 0.005500
1028.00 0.005000
1030.50 0.004500
1033.00 0.004100
1035.50 0.003700
1038.00 0.003300
1040.50 0.003000
1043.00 0.002700
1045.50 0.002500
1048.00 0.002300
1050.50 0.002100
1053.00 0.001900
1055.50 0.001800
1058.00 0.001700
1060.50 0.001600
1063.00 0.001500
1065.50 0.001400
1068.00 0.001300
1070.50 0.001200
1073.00 0.001100
1075.50 0.001000
1078.00 0.000900
1080.50 0.000800
1083.00 0.000800
1085.50 0.000700
1088.00 0.000600
1090.50 0.000600
1093.00 0.000600
1095.50 0.000500
1098.00 0.000500
1100.50 0.000400
1103.00 0.000400
1105.50 0.000300
1108.00 0.000300
1110.50 0.000200
1113.00 0.000200
1115.50 0.000100
1118.00 0.000100
1120.50 0.000000
1123.00 0.000000
