643.00 0.000000
645.50 0.000100
648.00 0.000300
650.50 0.000400
653.00 0.000400
655.50 0.000300
658.00 0.000300
660.50 0.000400
663.00 0.000900
665.50 0.001900
668.00 0.003400
670.50 0.005600
673.00 0.010300
675.50 0.019400
678.00 0.034400
680.50 0.056100
683.00 0.083900
685.50 0.116400
688.00 0.152800
690.50 0.194800
693.00 0.240800
695.50 0.285700
698.00 0.323300
700.50 0.350300
703.00 0.375900
705.50 0.399000
708.00 0.416200
710.50 0.423300
713.00 0.416500
715.50 0.394300
718.00 0.376000
720.50 0.382300
723.00 0.391800
725.50 0.389200
728.00 0.382800
730.50 0.382000
733.00 0.388400
735.50 0.387200
738.00 0.382100
740.50 0.378700
743.00 0.375900
745.50 0.372700
748.00 0.368100
750.50 0.361800
753.00 0.356500
755.50 0.355400
758.00 0.347800
760.50 0.147300
763.00 0.209600
765.50 0.264800
768.00 0.330000
770.50 0.325600
773.00 0.322300
775.50 0.317900
778.00 0.312900
780.50 0.307700
783.00 0.302600
785.50 0.298000
788.00 0.294400
790.50 0.292100
793.00 0.291600
795.50 0.292100
798.00 0.292700
800.50 0.292300
803.00 0.289600
805.50 0.284000
808.00 0.275800
810.50 0.264200
813.00 0.242700
815.50 0.209100
818.00 0.168900
820.50 0.127600
823.00 0.090100
825.50 0.060300
828.00 0.037800
830.50 0.021800
833.00 0.011700
835.50 0.006800
838.00 0.004800
840.50 0.003300
843.00 0.002000
845.50 0.001300
848.00 0.001000
850.50 0.000900
853.00 0.000900
855.50 0.000800
858.00 0.000500
860.50 0.000200
863.00 0.000000
