363.00 0.000000
365.50 0.000300
368.00 0.000800
370.50 0.001300
373.00 0.001900
375.50 0.002400
378.00 0.003400
380.50 0.005500
383.00 0.010300
385.50 0.019400
388.00 0.032600
390.50 0.049200
393.00 0.068600
395.50 0.090000
398.00 0.112300
400.50 0.134200
403.00 0.154500
405.50 0.172200
408.00 0.187300
410.50 0.200300
413.00 0.211600
415.50 0.221400
418.00 0.230100
420.50 0.237800
423.00 0.244800
425.50 0.251300
428.00 0.257400
430.50 0.263300
433.00 0.269100
435.50 0.274700
438.00 0.280100
440.50 0.285200
443.00 0.289900
445.50 0.294000
448.00 0.297900
450.50 0.301600
453.00 0.305500
455.50 0.309700
458.00 0.314100
460.50 0.318400
463.00 0.322400
465.50 0.325700
468.00 0.328400
470.50 0.330700
473.00 0.332700
475.50 0.334600
478.00 0.336400
480.50 0.338300
483.00 0.340300
485.50 0.342500
488.00 0.344800
490.50 0.347200
493.00 0.349500
495.50 0.351900
498.00 0.354100
500.50 0.356200
503.00 0.358100
505.50 0.359700
508.00 0.360900
510.50 0.361300
513.00 0.360900
515.50 0.359500
518.00 0.358100
520.50 0.355800
523.00 0.345200
525.50 0.319400
528.00 0.280700
530.50 0.233900
533.00 0.183900
535.50 0.135200
538.00 0.091100
540.50 0.054800
543.00 0.029500
545.50 0.016600
548.00 0.011200
550.50 0.007700
553.00 0.005000
555.50 0.003200
558.00 0.002100
560.50 0.001500
563.00 0.001200
565.50 0.001000
568.00 0.000900
570.50 0.000800
573.00 0.000600
575.50 0.000500
578.00 0.000300
580.50 0.000100
583.00 0.000000
