3722.49 0.001201
3725.16 0.001099
3727.84 0.001117
3730.52 0.001213
3733.21 0.001211
3735.90 0.001253
3738.59 0.001231
3741.29 0.001209
3743.99 0.001237
3746.69 0.001197
3749.40 0.001128
3752.12 0.001091
3754.83 0.001037
3757.55 0.000956
3760.28 0.000858
3763.01 0.000717
3765.74 0.000602
3768.48 0.000578
3771.22 0.000587
3773.96 0.000474
3776.71 0.000377
3779.46 0.000317
3782.22 0.000233
3784.98 0.000230
3787.75 0.000157
3790.51 0.000228
3793.29 0.000424
3796.06 0.000474
3798.84 0.000563
3801.63 0.000633
3804.42 0.000451
3807.21 0.000464
3810.01 0.000850
3812.81 0.000942
3815.62 0.000812
3818.43 0.001039
3821.24 0.001136
3824.06 0.001040
3826.88 0.001322
3829.71 0.001361
3832.54 0.001194
3835.37 0.001184
3838.21 0.001108
3841.05 0.001127
3843.90 0.001191
3846.75 0.001142
3849.61 0.001138
3852.47 0.000946
3855.33 0.000972
3858.20 0.001021
3861.07 0.000773
3863.95 0.000693
3866.83 0.000647
3869.72 0.000523
3872.61 0.000451
3875.50 0.000366
3878.40 0.000398
3881.30 0.000391
3884.21 0.000223
3887.12 0.000226
3890.04 0.000307
3892.96 0.000401
3895.89 0.000664
3898.81 0.001206
3901.75 0.001624
3904.69 0.001920
3907.63 0.002697
3910.58 0.003559
3913.53 0.004236
3916.48 0.005163
3919.44 0.006273
3922.41 0.007327
3925.38 0.008786
3928.35 0.010680
3931.33 0.012370
3934.31 0.014320
3937.30 0.016680
3940.29 0.019370
3943.29 0.022320
3946.29 0.025810
3949.29 0.029940
3952.30 0.034790
3955.32 0.040240
3958.34 0.046900
3961.36 0.054810
3964.39 0.063810
3967.42 0.074360
3970.46 0.086690
3973.50 0.101000
3976.55 0.117500
3979.60 0.135800
3982.66 0.157300
3985.72 0.179300
3988.79 0.202300
3991.86 0.228100
3994.93 0.252200
3998.01 0.277500
4001.10 0.300400
4004.19 0.320700
4007.28 0.339000
4010.38 0.355000
4013.49 0.366900
4016.59 0.375500
4019.71 0.380500
4022.83 0.383700
4025.95 0.385400
4029.08 0.384600
4032.21 0.382400
4035.35 0.379800
4038.49 0.378100
4041.64 0.374300
4044.79 0.369500
4047.95 0.365700
4051.11 0.360700
4054.28 0.356800
4057.45 0.353100
4060.63 0.348800
4063.81 0.344300
4067.00 0.340200
4070.19 0.336700
4073.39 0.333700
4076.59 0.330800
4079.80 0.328300
4083.01 0.326800
4086.23 0.326200
4089.45 0.325400
4092.68 0.324900
4095.91 0.325100
4099.15 0.326000
4102.39 0.328300
4105.64 0.330300
4108.89 0.332400
4112.15 0.335100
4115.42 0.338600
4118.68 0.344800
4121.96 0.350700
4125.24 0.355200
4128.52 0.361700
4131.81 0.368900
4135.11 0.376400
4138.41 0.383800
4141.71 0.391600
4145.02 0.399500
4148.34 0.408500
4151.66 0.418100
4154.99 0.426900
4158.32 0.434900
4161.66 0.441100
4165.00 0.447300
4168.35 0.454500
4171.70 0.460500
4175.06 0.466000
4178.42 0.470900
4181.79 0.475500
4185.17 0.479800
4188.55 0.484100
4191.93 0.488500
4195.33 0.490800
4198.72 0.492200
4202.13 0.494800
4205.53 0.496700
4208.95 0.497200
4212.37 0.497400
4215.79 0.497000
4219.22 0.497200
4222.66 0.496300
4226.10 0.494200
4229.55 0.492300
4233.00 0.490400
4236.46 0.488300
4239.92 0.487300
4243.39 0.484700
4246.87 0.480500
4250.35 0.477300
4253.83 0.474900
4257.33 0.472800
4260.82 0.470400
4264.33 0.468000
4267.84 0.467400
4271.35 0.466400
4274.87 0.464600
4278.40 0.465100
4281.93 0.465900
4285.47 0.465700
4289.02 0.466200
4292.57 0.467700
4296.13 0.471400
4299.69 0.474400
4303.26 0.477300
4306.83 0.480700
4310.41 0.483200
4314.00 0.486400
4317.59 0.490200
4321.19 0.492900
4324.79 0.495400
4328.40 0.498300
4332.02 0.501400
4335.64 0.504600
4339.27 0.506900
4342.90 0.509000
4346.54 0.510800
4350.19 0.512800
4353.84 0.514800
4357.50 0.515600
4361.16 0.516200
4364.83 0.519400
4368.51 0.522800
4372.19 0.523700
4375.88 0.525200
4379.58 0.527900
4383.28 0.529900
4386.99 0.531300
4390.71 0.533600
4394.43 0.536800
4398.15 0.539100
4401.89 0.540700
4405.63 0.542300
4409.37 0.543800
4413.13 0.545900
4416.89 0.547300
4420.65 0.547000
4424.42 0.547100
4428.20 0.547900
4431.99 0.548000
4435.78 0.548100
4439.57 0.548100
4443.38 0.546400
4447.19 0.546200
4451.01 0.546700
4454.83 0.544300
4458.66 0.541900
4462.50 0.541700
4466.34 0.541800
4470.19 0.540000
4474.05 0.537500
4477.91 0.536500
4481.78 0.535100
4485.66 0.532300
4489.54 0.531000
4493.43 0.529700
4497.33 0.526600
4501.24 0.523500
4505.15 0.521800
4509.06 0.519100
4512.99 0.516500
4516.92 0.515500
4520.86 0.513500
4524.80 0.511000
4528.75 0.509900
4532.71 0.508200
4536.68 0.506700
4540.65 0.506900
4544.63 0.506900
4548.62 0.505200
4552.61 0.504000
4556.61 0.503700
4560.62 0.503200
4564.63 0.503400
4568.65 0.503200
4572.68 0.501800
4576.72 0.500600
4580.76 0.499800
4584.81 0.498100
4588.87 0.495500
4592.93 0.493900
4597.01 0.493000
4601.09 0.491100
4605.17 0.488900
4609.27 0.486000
4613.37 0.483600
4617.47 0.481200
4621.59 0.477700
4625.71 0.475200
4629.84 0.472500
4633.98 0.469700
4638.12 0.470500
4642.28 0.471700
4646.44 0.472600
4650.60 0.474400
4654.78 0.475100
4658.96 0.476500
4663.15 0.479700
4667.35 0.482600
4671.55 0.484500
4675.76 0.486300
4679.98 0.488900
4684.21 0.491000
4688.45 0.492300
4692.69 0.494100
4696.94 0.495500
4701.20 0.497000
4705.47 0.498300
4709.74 0.498500
4714.02 0.497900
4718.31 0.496600
4722.61 0.494600
4726.91 0.493800
4731.23 0.492300
4735.55 0.489100
4739.87 0.485300
4744.21 0.483300
4748.56 0.480500
4752.91 0.476700
4757.27 0.473800
4761.64 0.470700
4766.01 0.467100
4770.40 0.464800
4774.79 0.462200
4779.19 0.458200
4783.60 0.454300
4788.02 0.451300
4792.44 0.449600
4796.88 0.448500
4801.32 0.446700
4805.77 0.445200
4810.23 0.443600
4814.69 0.442100
4819.17 0.442100
4823.65 0.442100
4828.14 0.440500
4832.64 0.439900
4837.15 0.441000
4841.66 0.441100
4846.19 0.440500
4850.72 0.440900
4855.27 0.441000
4859.82 0.440600
4864.37 0.441100
4868.94 0.441000
4873.52 0.441100
4878.10 0.441400
4882.70 0.441800
4887.30 0.443500
4891.91 0.444100
4896.53 0.444600
4901.16 0.445400
4905.79 0.446100
4910.44 0.446000
4915.09 0.443800
4919.76 0.441900
4924.43 0.439100
4929.11 0.434400
4933.80 0.427100
4938.50 0.418700
4943.21 0.410800
4947.92 0.402300
4952.65 0.393600
4957.38 0.386100
4962.13 0.380000
4966.88 0.376400
4971.64 0.374300
4976.41 0.372600
4981.19 0.371600
4985.98 0.372800
4990.78 0.368600
4995.59 0.356200
5000.41 0.330300
5005.23 0.293200
5010.07 0.247800
5014.92 0.192700
5019.77 0.139000
5024.63 0.096840
5029.51 0.065350
5034.39 0.042360
5039.28 0.027350
5044.19 0.017490
5049.10 0.010810
5054.02 0.006694
5058.95 0.003758
5063.89 0.001993
5068.84 0.000901
5073.80 0.000591
5078.77 0.000486
5083.75 0.000303
5088.74 0.000300
5093.74 0.000369
5098.74 0.000303
5103.76 0.000205
5108.79 0.000180
5113.83 0.000096
5118.88 0.000108
5123.94 0.000118
5129.00 0.000190
5134.08 0.000274
5139.17 0.000265
5144.27 0.000305
5149.38 0.000315
5154.50 0.000283
5159.63 0.000371
5164.76 0.000458
5169.91 0.000466
5175.07 0.000460
5180.24 0.000500
5185.42 0.000489
5190.61 0.000411
5195.81 0.000421
5201.03 0.000477
5206.25 0.000431
5211.48 0.000384
5216.72 0.000402
5221.98 0.000386
