3081.06 0.000490
3082.89 0.000586
3084.73 0.000453
3086.56 0.000458
3088.40 0.000439
3090.24 0.000531
3092.08 0.000641
3093.93 0.000442
3095.78 0.000535
3097.62 0.000655
3099.48 0.000525
3101.33 0.000631
3103.19 0.000618
3105.04 0.000496
3106.90 0.000700
3108.77 0.000895
3110.63 0.000873
3112.50 0.001045
3114.37 0.001294
3116.24 0.001390
3118.11 0.001683
3119.99 0.002132
3121.87 0.002413
3123.75 0.002782
3125.63 0.003343
3127.52 0.003846
3129.40 0.004596
3131.29 0.005760
3133.19 0.006889
3135.08 0.008313
3136.98 0.010170
3138.88 0.012180
3140.78 0.014820
3142.68 0.018160
3144.59 0.021810
3146.49 0.026460
3148.41 0.031970
3150.32 0.038570
3152.23 0.046500
3154.15 0.055220
3156.07 0.065330
3157.99 0.077400
3159.92 0.091470
3161.84 0.106100
3163.77 0.122000
3165.70 0.140600
3167.64 0.158900
3169.57 0.178800
3171.51 0.200200
3173.45 0.220500
3175.40 0.241200
3177.34 0.261800
3179.29 0.282200
3181.24 0.298600
3183.19 0.314000
3185.15 0.330400
3187.11 0.343100
3189.07 0.352900
3191.03 0.360600
3192.99 0.368500
3194.96 0.372300
3196.93 0.373700
3198.90 0.375000
3200.88 0.374400
3202.86 0.371800
3204.84 0.370300
3206.82 0.368600
3208.80 0.365300
3210.79 0.361900
3212.78 0.358000
3214.77 0.354100
3216.76 0.351300
3218.76 0.349500
3220.76 0.348400
3222.76 0.345200
3224.77 0.343700
3226.77 0.344600
3228.78 0.343600
3230.79 0.343600
3232.81 0.344300
3234.82 0.344800
3236.84 0.347400
3238.87 0.349600
3240.89 0.351200
3242.92 0.354100
3244.95 0.357800
3246.98 0.362300
3249.01 0.366100
3251.05 0.369800
3253.09 0.374800
3255.13 0.379500
3257.18 0.384100
3259.22 0.389500
3261.27 0.393600
3263.32 0.397400
3265.38 0.400700
3267.44 0.403400
3269.50 0.406500
3271.56 0.410400
3273.63 0.412500
3275.69 0.413700
3277.76 0.415800
3279.84 0.415800
3281.91 0.416300
3283.99 0.416500
3286.07 0.415300
3288.16 0.414500
3290.24 0.414300
3292.33 0.414500
3294.42 0.413400
3296.52 0.412500
3298.62 0.411700
3300.71 0.409100
3302.82 0.408600
3304.92 0.409100
3307.03 0.406900
3309.14 0.406000
3311.25 0.405600
3313.37 0.405000
3315.49 0.405500
3317.61 0.404400
3319.73 0.402400
3321.86 0.402700
3323.99 0.403600
3326.12 0.404200
3328.26 0.404700
3330.39 0.404300
3332.53 0.404700
3334.68 0.406600
3336.82 0.406800
3338.97 0.406600
3341.12 0.407000
3343.28 0.406700
3345.43 0.406500
3347.59 0.406700
3349.76 0.407200
3351.92 0.407000
3354.09 0.406600
3356.26 0.406300
3358.43 0.405100
3360.61 0.405100
3362.79 0.404900
3364.97 0.403900
3367.16 0.404800
3369.35 0.404100
3371.54 0.401600
3373.73 0.403300
3375.93 0.405600
3378.13 0.405600
3380.33 0.406300
3382.53 0.407100
3384.74 0.408000
3386.95 0.410900
3389.17 0.413500
3391.38 0.416000
3393.60 0.418700
3395.82 0.420800
3398.05 0.424500
3400.28 0.427300
3402.51 0.429100
3404.74 0.432100
3406.98 0.433300
3409.22 0.433500
3411.46 0.435300
3413.71 0.436700
3415.96 0.435400
3418.21 0.434400
3420.46 0.435600
3422.72 0.435100
3424.98 0.434300
3427.25 0.434000
3429.51 0.430300
3431.78 0.426500
3434.06 0.425400
3436.33 0.424300
3438.61 0.422100
3440.89 0.420200
3443.18 0.417900
3445.46 0.416300
3447.75 0.415700
3450.05 0.414300
3452.35 0.413900
3454.65 0.414000
3456.95 0.413100
3459.26 0.413400
3461.56 0.414500
3463.88 0.415800
3466.19 0.417600
3468.51 0.418600
3470.83 0.419400
3473.16 0.421800
3475.48 0.424800
3477.82 0.427100
3480.15 0.430500
3482.49 0.434300
3484.83 0.436900
3487.17 0.440200
3489.52 0.443400
3491.87 0.445100
3494.22 0.447700
3496.58 0.450600
3498.94 0.452900
3501.30 0.455700
3503.66 0.457200
3506.03 0.456400
3508.41 0.456400
3510.78 0.458300
3513.16 0.459900
3515.54 0.460500
3517.93 0.461400
3520.31 0.461500
3522.71 0.461500
3525.10 0.461600
3527.50 0.461500
3529.90 0.462100
3532.30 0.462900
3534.71 0.462000
3537.12 0.459600
3539.54 0.458000
3541.96 0.458200
3544.38 0.457100
3546.80 0.455500
3549.23 0.455500
3551.66 0.454700
3554.09 0.453700
3556.53 0.452800
3558.97 0.451800
3561.42 0.452100
3563.86 0.452600
3566.32 0.452600
3568.77 0.451500
3571.23 0.450500
3573.69 0.450300
3576.15 0.450800
3578.62 0.452200
3581.09 0.452800
3583.57 0.452800
3586.05 0.454400
3588.53 0.456200
3591.01 0.457400
3593.50 0.458600
3595.99 0.459500
3598.49 0.460200
3600.99 0.460200
3603.49 0.459600
3606.00 0.459500
3608.51 0.458800
3611.02 0.459100
3613.54 0.459700
3616.06 0.458400
3618.58 0.457600
3621.11 0.456800
3623.64 0.455800
3626.17 0.455300
3628.71 0.453600
3631.25 0.450900
3633.79 0.448700
3636.34 0.446900
3638.89 0.445600
3641.45 0.444800
3644.01 0.442500
3646.57 0.440600
3649.14 0.440100
3651.71 0.438100
3654.28 0.436900
3656.86 0.437600
3659.44 0.436400
3662.02 0.435200
3664.61 0.435500
3667.20 0.435700
3669.80 0.436700
3672.40 0.438200
3675.00 0.438900
3677.61 0.439000
3680.22 0.440500
3682.83 0.444100
3685.45 0.446000
3688.07 0.446800
3690.69 0.449500
3693.32 0.452500
3695.95 0.455100
3698.59 0.457200
3701.23 0.459000
3703.87 0.460200
3706.52 0.462300
3709.17 0.465800
3711.83 0.468800
3714.49 0.470200
3717.15 0.470500
3719.82 0.470500
3722.49 0.471000
3725.16 0.472100
3727.84 0.473200
3730.52 0.473400
3733.21 0.472700
3735.90 0.473000
3738.59 0.472800
3741.29 0.472800
3743.99 0.473200
3746.69 0.472300
3749.40 0.471000
3752.12 0.469700
3754.83 0.469400
3757.55 0.469700
3760.28 0.467500
3763.01 0.464700
3765.74 0.463700
3768.48 0.463500
3771.22 0.462200
3773.96 0.460400
3776.71 0.460100
3779.46 0.459600
3782.22 0.458400
3784.98 0.456700
3787.75 0.456800
3790.51 0.457500
3793.29 0.456800
3796.06 0.457100
3798.84 0.457100
3801.63 0.455600
3804.42 0.456400
3807.21 0.456900
3810.01 0.454100
3812.81 0.453000
3815.62 0.452900
3818.43 0.451100
3821.24 0.449500
3824.06 0.447000
3826.88 0.444300
3829.71 0.443000
3832.54 0.441300
3835.37 0.438500
3838.21 0.437400
3841.05 0.435200
3843.90 0.431700
3846.75 0.430200
3849.61 0.429400
3852.47 0.428000
3855.33 0.428000
3858.20 0.428000
3861.07 0.428200
3863.95 0.430100
3866.83 0.433000
3869.72 0.436400
3872.61 0.439600
3875.50 0.442300
3878.40 0.444500
3881.30 0.446100
3884.21 0.447100
3887.12 0.448300
3890.04 0.447300
3892.96 0.443700
3895.89 0.434700
3898.81 0.421100
3901.75 0.405000
3904.69 0.383500
3907.63 0.355900
3910.58 0.328600
3913.53 0.293700
3916.48 0.256300
3919.44 0.221500
3922.41 0.186900
3925.38 0.152200
3928.35 0.123700
3931.33 0.098900
3934.31 0.077500
3937.30 0.058690
3940.29 0.044850
3943.29 0.033730
3946.29 0.025150
3949.29 0.018770
3952.30 0.013760
3955.32 0.009610
3958.34 0.006888
3961.36 0.004779
3964.39 0.002983
3967.42 0.002031
3970.46 0.001633
3973.50 0.001354
3976.55 0.001214
3979.60 0.001186
3982.66 0.001077
3985.72 0.001128
3988.79 0.001287
3991.86 0.001269
3994.93 0.001177
3998.01 0.001125
4001.10 0.001074
4004.19 0.000936
4007.28 0.000751
4010.38 0.000590
