6151.15 0.000071
6158.46 0.000124
6165.78 0.000188
6173.12 0.000206
6180.48 0.000180
6187.86 0.000147
6195.25 0.000096
6202.66 0.000050
6210.09 0.000083
6217.53 0.000123
6225.00 0.000147
6232.48 0.000198
6239.98 0.000228
6247.50 0.000231
6255.03 0.000232
6262.59 0.000287
6270.16 0.000471
6277.75 0.000768
6285.36 0.001189
6292.99 0.002016
6300.64 0.003362
6308.30 0.005239
6315.98 0.007906
6323.69 0.011740
6331.41 0.016260
6339.15 0.021640
6346.91 0.028570
6354.69 0.036160
6362.48 0.043950
6370.30 0.053290
6378.13 0.062440
6385.99 0.073090
6393.86 0.085940
6401.76 0.100400
6409.67 0.112900
6417.60 0.125500
6425.56 0.137800
6433.53 0.148500
6441.52 0.158900
6449.53 0.167100
6457.56 0.174000
6465.61 0.179300
6473.69 0.184800
6481.78 0.189800
6489.89 0.197100
6498.02 0.204900
6506.18 0.211700
6514.35 0.217000
6522.54 0.219900
6530.76 0.221500
6539.00 0.224000
6547.25 0.227200
6555.53 0.229500
6563.83 0.231300
6572.15 0.232600
6580.49 0.232800
6588.85 0.232900
6597.23 0.233500
6605.63 0.233100
6614.06 0.232500
6622.51 0.230100
6630.98 0.228000
6639.47 0.226100
6647.98 0.223700
6656.51 0.222600
6665.07 0.221600
6673.65 0.222000
6682.25 0.223600
6690.87 0.226200
6699.51 0.228600
6708.18 0.231000
6716.87 0.233000
6725.58 0.234700
6734.32 0.236000
6743.07 0.237200
6751.85 0.237800
6760.66 0.239300
6769.48 0.240600
6778.33 0.241800
6787.20 0.242900
6796.10 0.244000
6805.02 0.244800
6813.96 0.246100
6822.93 0.247100
6831.91 0.248100
6840.93 0.248500
6849.96 0.249100
6859.03 0.249400
6868.11 0.249200
6877.22 0.248800
6886.35 0.248300
6895.51 0.247700
6904.69 0.247300
6913.90 0.247600
6923.13 0.248500
6932.38 0.249200
6941.66 0.249100
6950.97 0.248800
6960.30 0.247900
6969.65 0.246900
6979.04 0.245000
6988.44 0.243400
6997.87 0.242400
7007.33 0.241800
7016.81 0.241800
7026.32 0.241400
7035.85 0.241000
7045.41 0.240900
7055.00 0.240300
7064.61 0.239600
7074.25 0.239200
7083.91 0.239600
7093.60 0.240300
7103.32 0.241100
7113.06 0.241800
7122.83 0.242200
7132.63 0.242100
7142.46 0.241700
7152.31 0.241300
7162.19 0.240700
7172.09 0.240800
7182.03 0.241800
7191.99 0.243300
7201.98 0.244700
7211.99 0.246000
7222.04 0.247700
7232.11 0.249300
7242.21 0.249700
7252.34 0.249400
7262.50 0.248300
7272.68 0.246200
7282.90 0.243800
7293.14 0.242700
7303.41 0.242000
7313.71 0.242800
7324.04 0.244200
7334.40 0.246800
7344.79 0.249500
7355.21 0.252600
7365.66 0.254300
7376.14 0.255600
7386.64 0.256300
7397.18 0.255600
7407.75 0.254700
7418.35 0.253700
7428.97 0.253000
7439.63 0.253900
7450.32 0.255900
7461.04 0.259100
7471.79 0.262900
7482.57 0.266500
7493.39 0.270000
7504.23 0.272800
7515.11 0.275500
7526.01 0.277800
7536.95 0.279600
7547.92 0.280900
7558.93 0.282200
7569.96 0.283000
7581.03 0.283100
7592.13 0.282600
7603.26 0.281600
7614.42 0.281300
7625.62 0.281400
7636.85 0.282100
7648.12 0.283700
7659.41 0.285700
7670.74 0.287200
7682.11 0.288100
7693.51 0.288300
7704.94 0.287200
7716.40 0.286600
7727.90 0.285700
7739.44 0.285900
7751.01 0.286700
7762.61 0.287900
7774.25 0.289100
7785.92 0.290600
7797.63 0.292300
7809.37 0.293900
7821.15 0.295300
7832.97 0.297100
7844.82 0.299000
7856.70 0.300700
7868.62 0.301600
7880.58 0.302200
7892.58 0.301400
7904.61 0.300200
7916.68 0.298000
7928.78 0.296100
7940.92 0.295200
7953.10 0.294800
7965.32 0.295700
7977.57 0.296700
7989.87 0.297700
8002.20 0.299000
8014.56 0.300200
8026.97 0.301300
8039.42 0.302400
8051.90 0.303200
8064.42 0.305000
8076.98 0.306100
8089.58 0.308000
8102.22 0.308900
8114.90 0.309000
8127.62 0.309100
8140.38 0.308600
8153.18 0.308100
8166.02 0.307900
8178.90 0.308500
8191.82 0.309500
8204.78 0.311300
8217.79 0.312700
8230.83 0.313700
8243.92 0.313700
8257.04 0.313700
8270.21 0.313400
8283.42 0.312800
8296.68 0.312500
8309.97 0.312800
8323.31 0.312500
8336.69 0.311900
8350.12 0.310800
8363.59 0.309900
8377.10 0.309400
8390.65 0.309500
8404.25 0.310100
8417.89 0.311700
8431.58 0.313000
8445.31 0.313600
8459.09 0.314000
8472.91 0.313700
8486.78 0.312400
8500.69 0.311300
8514.65 0.310900
8528.66 0.311200
8542.71 0.311200
8556.80 0.311700
8570.95 0.312600
8585.14 0.312200
8599.38 0.312100
8613.66 0.310200
8627.99 0.308500
8642.37 0.306000
8656.80 0.302600
8671.28 0.298100
8685.80 0.294300
8700.37 0.290900
8715.00 0.289200
8729.67 0.289800
8744.39 0.291600
8759.16 0.293800
8773.98 0.295800
8788.85 0.297300
8803.77 0.298400
8818.75 0.298100
8833.77 0.296500
8848.85 0.293900
8863.97 0.291400
8879.15 0.288900
8894.38 0.287500
8909.66 0.285700
8925.00 0.284100
8940.38 0.282700
8955.83 0.280600
8971.32 0.278100
8986.87 0.275600
9002.47 0.273700
9018.13 0.271300
9033.84 0.268600
9049.60 0.265900
9065.43 0.264100
9081.30 0.261600
9097.23 0.257800
9113.22 0.253600
9129.27 0.249700
9145.37 0.242900
9161.52 0.234500
9177.74 0.224200
9194.01 0.214100
9210.34 0.201500
9226.73 0.189800
9243.18 0.177400
9259.68 0.165300
9276.25 0.153400
9292.87 0.143700
9309.56 0.133400
9326.30 0.123500
9343.10 0.113200
9359.97 0.102200
9376.90 0.090730
9393.88 0.079150
9410.93 0.067830
9428.04 0.056070
9445.22 0.045780
9462.45 0.036040
9479.75 0.027390
9497.11 0.020150
9514.54 0.014450
9532.03 0.010210
9549.58 0.007234
9567.20 0.004910
9584.89 0.003291
9602.64 0.002300
9620.45 0.001616
9638.33 0.001144
9656.28 0.000818
9674.30 0.000510
9692.38 0.000279
9710.53 0.000166
9728.75 0.000118
9747.04 0.000090
9765.39 0.000115
9783.82 0.000134
9802.31 0.000066
9820.88 0.000048
9839.51 0.000095
9858.22 0.000102
9877.00 0.000164
9895.85 0.000299
9914.77 0.000334
9933.76 0.000325
9952.83 0.000320
9971.97 0.000276
9991.18 0.000291
10010.50 0.000274
10029.80 0.000161
10049.30 0.000157
10068.80 0.000208
10088.40 0.000188
10108.00 0.000145
10127.80 0.000160
10147.60 0.000233
10167.50 0.000289
10187.50 0.000264
10207.50 0.000182
10227.70 0.000088
10247.90 0.000047
10268.20 0.000114
10288.50 0.000213
10309.00 0.000245
10329.50 0.000214
10350.10 0.000196
10370.80 0.000202
10391.60 0.000230
10412.50 0.000273
10433.40 0.000271
10454.50 0.000259
10475.60 0.000252
10496.80 0.000190
