4744.21 0.000091
4748.56 0.000089
4752.91 0.000082
4757.27 0.000073
4761.64 0.000067
4766.01 0.000071
4770.40 0.000080
4774.79 0.000077
4779.19 0.000076
4783.60 0.000084
4788.02 0.000078
4792.44 0.000059
4796.88 0.000058
4801.32 0.000064
4805.77 0.000064
4810.23 0.000059
4814.69 0.000062
4819.17 0.000074
4823.65 0.000079
4828.14 0.000074
4832.64 0.000057
4837.15 0.000057
4841.66 0.000071
4846.19 0.000087
4850.72 0.000108
4855.27 0.000128
4859.82 0.000146
4864.37 0.000182
4868.94 0.000249
4873.52 0.000319
4878.10 0.000330
4882.70 0.000427
4887.30 0.000524
4891.91 0.000716
4896.53 0.001192
4901.16 0.001799
4905.79 0.002635
4910.44 0.003611
4915.09 0.004625
4919.76 0.005849
4924.43 0.007203
4929.11 0.008569
4933.80 0.010520
4938.50 0.012950
4943.21 0.015910
4947.92 0.019330
4952.65 0.022430
4957.38 0.026050
4962.13 0.029580
4966.88 0.032980
4971.64 0.036370
4976.41 0.039890
4981.19 0.043590
4985.98 0.047340
4990.78 0.051020
4995.59 0.055470
5000.41 0.058670
5005.23 0.062560
5010.07 0.065920
5014.92 0.068730
5019.77 0.070920
5024.63 0.073090
5029.51 0.074520
5034.39 0.076020
5039.28 0.077410
5044.19 0.078520
5049.10 0.079900
5054.02 0.081020
5058.95 0.082370
5063.89 0.083830
5068.84 0.085330
5073.80 0.087040
5078.77 0.089250
5083.75 0.091120
5088.74 0.093340
5093.74 0.095470
5098.74 0.097050
5103.76 0.098150
5108.79 0.099230
5113.83 0.100200
5118.88 0.100900
5123.94 0.101700
5129.00 0.102400
5134.08 0.102900
5139.17 0.103400
5144.27 0.103700
5149.38 0.103800
5154.50 0.103800
5159.63 0.103900
5164.76 0.104000
5169.91 0.104300
5175.07 0.104800
5180.24 0.105300
5185.42 0.105900
5190.61 0.106600
5195.81 0.107200
5201.03 0.108000
5206.25 0.108800
5211.48 0.109500
5216.72 0.110200
5221.98 0.110900
5227.24 0.111500
5232.52 0.112100
5237.80 0.112700
5243.10 0.112900
5248.40 0.112900
5253.72 0.112300
5259.05 0.111600
5264.39 0.111000
5269.74 0.110200
5275.10 0.109500
5280.47 0.109200
5285.85 0.109300
5291.25 0.109900
5296.65 0.110600
5302.07 0.111100
5307.50 0.111900
5312.93 0.112600
5318.38 0.113500
5323.84 0.114500
5329.31 0.115600
5334.80 0.116500
5340.29 0.117600
5345.80 0.118600
5351.31 0.119500
5356.84 0.120300
5362.38 0.121000
5367.93 0.121600
5373.50 0.122200
5379.07 0.122700
5384.66 0.122900
5390.25 0.122900
5395.86 0.122900
5401.48 0.122800
5407.11 0.122600
5412.76 0.122500
5418.42 0.122100
5424.08 0.122000
5429.76 0.121900
5435.45 0.121700
5441.16 0.121700
5446.87 0.121600
5452.60 0.121700
5458.34 0.121800
5464.09 0.121900
5469.86 0.121800
5475.63 0.121900
5481.42 0.121800
5487.22 0.121900
5493.03 0.121700
5498.86 0.121700
5504.70 0.121800
5510.55 0.122000
5516.41 0.122600
5522.28 0.123200
5528.17 0.123900
5534.07 0.124500
5539.98 0.125300
5545.91 0.126100
5551.84 0.126800
5557.80 0.127500
5563.76 0.128200
5569.73 0.128900
5575.72 0.129600
5581.73 0.129600
5587.74 0.129400
5593.77 0.129200
5599.81 0.128900
5605.86 0.128800
5611.93 0.128800
5618.01 0.129000
5624.10 0.129600
5630.21 0.130300
5636.33 0.131100
5642.46 0.131800
5648.61 0.132400
5654.77 0.133000
5660.94 0.133500
5667.13 0.134000
5673.33 0.134400
5679.54 0.134300
5685.77 0.134200
5692.01 0.134100
5698.27 0.134100
5704.54 0.134300
5710.82 0.134900
5717.11 0.135400
5723.43 0.135900
5729.75 0.136400
5736.09 0.136800
5742.44 0.137000
5748.81 0.137400
5755.19 0.137600
5761.58 0.137400
5767.99 0.136600
5774.41 0.136000
5780.85 0.135200
5787.30 0.134800
5793.77 0.134800
5800.25 0.135300
5806.74 0.135800
5813.25 0.136300
5819.78 0.137000
5826.32 0.137600
5832.87 0.138100
5839.44 0.138600
5846.02 0.139000
5852.62 0.139300
5859.24 0.139700
5865.86 0.139600
5872.51 0.139700
5879.16 0.139700
5885.84 0.139700
5892.53 0.139800
5899.23 0.140100
5905.95 0.140300
5912.68 0.140600
5919.43 0.140900
5926.20 0.141300
5932.98 0.141600
5939.77 0.141700
5946.59 0.141900
5953.41 0.142000
5960.26 0.142000
5967.12 0.142100
5973.99 0.142000
5980.88 0.142000
5987.79 0.142100
5994.71 0.142000
6001.65 0.141900
6008.60 0.141600
6015.57 0.141500
6022.56 0.141500
6029.56 0.141700
6036.58 0.141700
6043.62 0.141800
6050.67 0.141900
6057.74 0.141900
6064.82 0.141800
6071.92 0.142000
6079.04 0.142000
6086.18 0.141600
6093.33 0.141000
6100.50 0.140100
6107.68 0.139200
6114.89 0.138200
6122.11 0.137400
6129.34 0.136800
6136.60 0.136100
6143.87 0.135700
6151.15 0.135400
6158.46 0.135200
6165.78 0.135200
6173.12 0.135000
6180.48 0.134700
6187.86 0.134700
6195.25 0.134100
6202.66 0.133300
6210.09 0.132300
6217.53 0.130900
6225.00 0.129200
6232.48 0.127800
6239.98 0.126300
6247.50 0.125300
6255.03 0.124900
6262.59 0.124500
6270.16 0.124400
6277.75 0.124600
6285.36 0.124800
6292.99 0.125100
6300.64 0.125400
6308.30 0.125200
6315.98 0.125000
6323.69 0.123500
6331.41 0.122300
6339.15 0.120000
6346.91 0.117600
6354.69 0.114800
6362.48 0.109300
6370.30 0.103600
6378.13 0.097200
6385.99 0.090830
6393.86 0.084630
6401.76 0.079400
6409.67 0.072560
6417.60 0.064980
6425.56 0.057960
6433.53 0.049720
6441.52 0.041420
6449.53 0.032760
6457.56 0.025500
6465.61 0.018990
6473.69 0.013390
6481.78 0.009109
6489.89 0.005789
6498.02 0.003272
6506.18 0.001720
6514.35 0.000820
6522.54 0.000371
6530.76 0.000125
6539.00 0.000061
6547.25 0.000045
6555.53 0.000030
6563.83 0.000029
6572.15 0.000026
6580.49 0.000006
6588.85 0.000012
6597.23 0.000027
6605.63 0.000032
6614.06 0.000051
6622.51 0.000065
