200.20 0.000013
200.40 0.000014
200.60 0.000032
200.80 0.000023
201.00 -0.000006
201.20 -0.000013
201.40 0.000034
201.60 0.000014
201.80 0.000007
202.00 -0.000001
202.20 -0.000004
202.40 0.000017
202.60 0.000045
202.80 0.000013
203.00 0.000011
203.20 -0.000008
203.40 0.000004
203.60 0.000003
203.80 -0.000022
204.00 0.000004
204.20 0.000008
204.40 0.000011
204.60 0.000023
204.80 0.000007
205.00 0.000004
205.20 0.000020
205.40 0.000012
205.60 0.000024
205.80 0.000009
206.00 0.000007
206.20 0.000000
206.40 -0.000004
206.60 0.000011
206.80 -0.000010
207.00 0.000007
207.20 0.000008
207.40 0.000016
207.60 0.000005
207.80 -0.000005
208.00 -0.000007
208.20 0.000029
208.40 -0.000005
208.60 0.000023
208.80 -0.000013
209.00 -0.000001
209.20 0.000015
209.40 0.000021
209.60 -0.000003
209.80 -0.000009
210.00 -0.000004
210.20 0.000016
210.40 0.000003
210.60 0.000010
210.80 0.000012
211.00 -0.000006
211.20 0.000013
211.40 0.000000
211.60 0.000027
211.80 0.000004
212.00 0.000017
212.20 0.000007
212.40 -0.000005
212.60 0.000015
212.80 -0.000021
213.00 0.000013
213.20 -0.000004
213.40 0.000001
213.60 0.000027
213.80 -0.000008
214.00 0.000015
214.20 -0.000003
214.40 0.000000
214.60 0.000007
214.80 0.000013
215.00 -0.000013
215.20 -0.000009
215.40 -0.000020
215.60 -0.000008
215.80 0.000003
216.00 0.000022
216.20 -0.000009
216.40 -0.000012
216.60 0.000022
216.80 -0.000003
217.00 0.000009
217.20 -0.000005
217.40 0.000009
217.60 0.000023
217.80 0.000009
218.00 -0.000006
218.20 0.000008
218.40 0.000010
218.60 -0.000004
218.80 -0.000003
219.00 -0.000004
219.20 -0.000008
219.40 0.000004
219.60 -0.000027
219.80 0.000005
220.00 -0.000018
220.20 -0.000012
220.40 0.000018
220.60 0.000014
220.80 0.000028
221.00 0.000006
221.20 -0.000006
221.40 -0.000016
221.60 -0.000017
221.80 0.000019
222.00 -0.000001
222.20 0.000013
222.40 -0.000004
222.60 0.000020
222.80 0.000003
223.00 -0.000001
223.20 0.000025
223.40 -0.000002
223.60 0.000010
223.80 0.000000
224.00 0.000015
224.20 0.000004
224.40 0.000014
224.60 0.000003
224.80 -0.000005
225.00 -0.000001
225.20 -0.000006
225.40 0.000012
225.60 0.000001
225.80 0.000009
226.00 0.000000
226.20 -0.000008
226.40 -0.000005
226.60 0.000015
226.80 -0.000010
227.00 -0.000020
227.20 -0.000002
227.40 -0.000001
227.60 0.000025
227.80 0.000017
228.00 -0.000003
228.20 0.000007
228.40 0.000000
228.60 0.000006
228.80 0.000008
229.00 0.000019
229.20 0.000013
229.40 0.000019
229.60 0.000016
229.80 -0.000013
230.00 -0.000002
230.20 0.000000
230.40 -0.000012
230.60 0.000005
230.80 0.000000
231.00 0.000030
231.20 0.000005
231.40 0.000006
231.60 -0.000024
231.80 -0.000019
232.00 0.000005
232.20 -0.000002
232.40 0.000012
232.60 0.000004
232.80 -0.000001
233.00 0.000012
233.20 0.000005
233.40 -0.000012
233.60 0.000008
233.80 0.000023
234.00 0.000019
234.20 0.000002
234.40 0.000021
234.60 0.000007
234.80 0.000014
235.00 0.000006
235.20 0.000029
235.40 0.000017
235.60 0.000005
235.80 -0.000003
236.00 0.000002
236.20 0.000006
236.40 -0.000005
236.60 0.000013
236.80 0.000016
237.00 0.000017
237.20 0.000003
237.40 -0.000002
237.60 -0.000002
237.80 0.000009
238.00 0.000003
238.20 -0.000023
238.40 -0.000006
238.60 -0.000016
238.80 0.000012
239.00 0.000013
239.20 -0.000008
239.40 0.000005
239.60 0.000011
239.80 -0.000011
240.00 0.000016
240.20 0.000019
240.40 -0.000009
240.60 0.000016
240.80 0.000011
241.00 0.000025
241.20 -0.000027
241.40 0.000003
241.60 0.000021
241.80 -0.000002
242.00 0.000014
242.20 -0.000014
242.40 0.000000
242.60 0.000013
242.80 0.000008
243.00 0.000014
243.20 0.000007
243.40 -0.000005
243.60 0.000000
243.80 0.000017
244.00 -0.000002
244.20 0.000014
244.40 0.000002
244.60 0.000020
244.80 -0.000010
245.00 0.000016
245.20 0.000005
245.40 -0.000023
245.60 0.000014
245.80 -0.000001
246.00 -0.000014
246.20 -0.000008
246.40 -0.000001
246.60 -0.000005
246.80 0.000015
247.00 -0.000008
247.20 0.000001
247.40 0.000016
247.60 -0.000006
247.80 0.000005
248.00 -0.000007
248.20 0.000019
248.40 0.000001
248.60 -0.000010
248.80 0.000002
249.00 0.000015
249.20 -0.000015
249.40 -0.000026
249.60 0.000005
249.80 0.000017
250.00 -0.000009
250.20 0.000007
250.40 0.000009
250.60 0.000011
250.80 0.000012
251.00 0.000018
251.20 0.000018
251.40 0.000004
251.60 0.000011
251.80 -0.000001
252.00 -0.000008
252.20 -0.000003
252.40 0.000003
252.60 0.000000
252.80 0.000001
253.00 -0.000009
253.20 -0.000008
253.40 0.000008
253.60 0.000008
253.80 0.000001
254.00 0.000000
254.20 -0.000019
254.40 -0.000017
254.60 0.000003
254.80 0.000010
255.00 -0.000004
255.20 0.000002
255.40 0.000018
255.60 -0.000008
255.80 0.000003
256.00 0.000026
256.20 0.000006
256.40 0.000021
256.60 0.000024
256.80 0.000026
257.00 0.000000
257.20 0.000009
257.40 0.000009
257.60 0.000021
257.80 -0.000001
258.00 0.000010
258.20 -0.000015
258.40 0.000003
258.60 -0.000009
258.80 0.000010
259.00 -0.000002
259.20 -0.000003
259.40 0.000016
259.60 0.000000
259.80 0.000004
260.00 0.000012
260.20 -0.000002
260.40 0.000002
260.60 0.000013
260.80 0.000012
261.00 0.000001
261.20 0.000006
261.40 0.000007
261.60 0.000007
261.80 -0.000002
262.00 -0.000003
262.20 0.000018
262.40 0.000000
262.60 -0.000004
262.80 -0.000001
263.00 0.000016
263.20 0.000014
263.40 -0.000013
263.60 0.000001
263.80 0.000010
264.00 0.000007
264.20 -0.000024
264.40 0.000012
264.60 -0.000013
264.80 0.000007
265.00 -0.000005
265.20 0.000000
265.40 0.000010
265.60 0.000016
265.80 0.000008
266.00 0.000000
266.20 -0.000004
266.40 0.000012
266.60 -0.000006
266.80 -0.000007
267.00 0.000003
267.20 0.000017
267.40 0.000008
267.60 -0.000007
267.80 0.000020
268.00 0.000002
268.20 0.000019
268.40 0.000012
268.60 0.000018
268.80 -0.000000
269.00 -0.000018
269.20 -0.000003
269.40 -0.000003
269.60 0.000016
269.80 0.000004
270.00 0.000003
270.20 0.000015
270.40 0.000006
270.60 0.000006
270.80 0.000008
271.00 0.000011
271.20 -0.000011
271.40 0.000003
271.60 0.000011
271.80 -0.000002
272.00 0.000003
272.20 -0.000005
272.40 0.000005
272.60 0.000003
272.80 0.000020
273.00 -0.000015
273.20 0.000005
273.40 0.000014
273.60 0.000011
273.80 -0.000012
274.00 0.000012
274.20 0.000004
274.40 0.000028
274.60 0.000014
274.80 0.000013
275.00 -0.000018
275.20 0.000005
275.40 0.000008
275.60 -0.000033
275.80 0.000022
276.00 -0.000001
276.20 0.000040
276.40 0.000005
276.60 0.000011
276.80 0.000009
277.00 -0.000013
277.20 0.000002
277.40 -0.000010
277.60 0.000010
277.80 0.000016
278.00 0.000025
278.20 0.000006
278.40 -0.000006
278.60 -0.000001
278.80 0.000029
279.00 -0.000008
279.20 -0.000009
279.40 0.000000
279.60 0.000003
279.80 -0.000015
280.00 0.000001
280.20 0.000017
280.40 0.000017
280.60 -0.000022
280.80 0.000013
281.00 0.000015
281.20 0.000023
281.40 0.000014
281.60 0.000004
281.80 -0.000007
282.00 0.000000
282.20 0.000001
282.40 0.000015
282.60 0.000007
282.80 0.000000
283.00 0.000012
283.20 -0.000014
283.40 -0.000017
283.60 0.000005
283.80 0.000012
284.00 -0.000016
284.20 0.000023
284.40 0.000035
284.60 0.000017
284.80 0.000004
285.00 -0.000001
285.20 0.000002
285.40 0.000021
285.60 -0.000012
285.80 -0.000009
286.00 0.000003
286.20 -0.000015
286.40 0.000011
286.60 0.000035
286.80 0.000005
287.00 0.000002
287.20 0.000000
287.40 0.000022
287.60 -0.000001
287.80 -0.000001
288.00 0.000023
288.20 0.000009
288.40 -0.000002
288.60 0.000030
288.80 0.000007
289.00 0.000017
289.20 -0.000011
289.40 0.000014
289.60 0.000002
289.80 0.000013
290.00 -0.000001
290.20 0.000010
290.40 0.000031
290.60 0.000003
290.80 -0.000008
291.00 0.000005
291.20 0.000017
291.40 0.000015
291.60 0.000009
291.80 -0.000010
292.00 0.000004
292.20 -0.000005
292.40 0.000025
292.60 0.000015
292.80 0.000017
293.00 -0.000006
293.20 0.000018
293.40 0.000007
293.60 0.000002
293.80 0.000023
294.00 -0.000002
294.20 0.000009
294.40 0.000010
294.60 0.000002
294.80 0.000000
295.00 0.000011
295.20 -0.000010
295.40 0.000014
295.60 0.000038
295.80 -0.000013
296.00 0.000008
296.20 0.000013
296.40 0.000011
296.60 0.000011
296.80 -0.000006
297.00 0.000016
297.20 -0.000004
297.40 0.000012
297.60 0.000008
297.80 -0.000001
298.00 0.000011
298.20 0.000022
298.40 -0.000003
298.60 0.000023
298.80 0.000008
299.00 0.000003
299.20 0.000023
299.40 -0.000001
299.60 0.000002
299.80 -0.000008
300.00 0.000014
300.20 0.000006
300.40 -0.000009
300.60 0.000031
300.80 0.000018
301.00 0.000006
301.20 -0.000019
301.40 0.000012
301.60 -0.000003
301.80 0.000002
302.00 0.000021
302.20 -0.000017
302.40 -0.000004
302.60 -0.000012
302.80 0.000019
303.00 0.000005
303.20 0.000015
303.40 -0.000006
303.60 -0.000004
303.80 0.000017
304.00 -0.000003
304.20 0.000023
304.40 -0.000014
304.60 -0.000002
304.80 0.000020
305.00 0.000025
305.20 0.000025
305.40 0.000013
305.60 0.000015
305.80 0.000008
306.00 0.000011
306.20 0.000014
306.40 -0.000010
306.60 -0.000002
306.80 0.000004
307.00 -0.000016
307.20 0.000008
307.40 0.000016
307.60 0.000005
307.80 -0.000020
308.00 0.000013
308.20 -0.000005
308.40 0.000010
308.60 0.000007
308.80 0.000027
309.00 0.000011
309.20 0.000007
309.40 0.000008
309.60 0.000014
309.80 0.000008
310.00 0.000031
310.20 0.000001
310.40 0.000021
310.60 0.000010
310.80 0.000009
311.00 0.000003
311.20 -0.000004
311.40 -0.000012
311.60 0.000004
311.80 0.000006
312.00 0.000012
312.20 0.000000
312.40 0.000010
312.60 0.000019
312.80 0.000008
313.00 0.000018
313.20 0.000007
313.40 -0.000018
313.60 0.000017
313.80 -0.000006
314.00 -0.000002
314.20 -0.000008
314.40 -0.000010
314.60 0.000008
314.80 -0.000004
315.00 -0.000004
315.20 0.000025
315.40 0.000009
315.60 -0.000003
315.80 -0.000007
316.00 0.000002
316.20 0.000001
316.40 0.000013
316.60 0.000003
316.80 0.000017
317.00 0.000016
317.20 0.000023
317.40 -0.000008
317.60 0.000001
317.80 0.000011
318.00 0.000018
318.20 0.000018
318.40 0.000009
318.60 0.000003
318.80 0.000023
319.00 0.000006
319.20 0.000008
319.40 0.000021
319.60 -0.000006
319.80 -0.000003
320.00 0.000018
320.20 0.000006
320.40 -0.000005
320.60 0.000008
320.80 0.000007
321.00 0.000005
321.20 0.000033
321.40 -0.000009
321.60 -0.000002
321.80 0.000007
322.00 0.000004
322.20 -0.000011
322.40 0.000011
322.60 0.000011
322.80 -0.000001
323.00 0.000013
323.20 0.000006
323.40 0.000009
323.60 -0.000019
323.80 0.000023
324.00 0.000012
324.20 -0.000003
324.40 0.000028
324.60 0.000002
324.80 -0.000002
325.00 0.000001
325.20 0.000015
325.40 0.000006
325.60 -0.000013
325.80 0.000002
326.00 0.000000
326.20 -0.000019
326.40 -0.000008
326.60 0.000012
326.80 0.000013
327.00 0.000029
327.20 0.000000
327.40 0.000018
327.60 0.000000
327.80 0.000002
328.00 0.000009
328.20 0.000002
328.40 0.000008
328.60 -0.000019
328.80 0.000009
329.00 0.000028
329.20 0.000005
329.40 0.000011
329.60 0.000011
329.80 -0.000003
330.00 -0.000015
330.20 0.000007
330.40 -0.000016
330.60 0.000006
330.80 -0.000010
331.00 -0.000012
331.20 0.000009
331.40 0.000012
331.60 -0.000001
331.80 -0.000004
332.00 0.000008
332.20 0.000006
332.40 0.000018
332.60 0.000017
332.80 -0.000008
333.00 0.000011
333.20 0.000039
333.40 0.000023
333.60 0.000042
333.80 -0.000001
334.00 0.000014
334.20 0.000012
334.40 0.000013
334.60 0.000029
334.80 0.000017
335.00 -0.000014
335.20 0.000003
335.40 0.000000
335.60 -0.000007
335.80 0.000007
336.00 0.000015
336.20 0.000029
336.40 0.000020
336.60 -0.000003
336.80 0.000003
337.00 0.000015
337.20 0.000014
337.40 0.000013
337.60 0.000002
337.80 0.000022
338.00 0.000007
338.20 -0.000011
338.40 0.000006
338.60 0.000010
338.80 0.000000
339.00 0.000023
339.20 0.000006
339.40 0.000007
339.60 0.000018
339.80 0.000015
340.00 0.000004
340.20 0.000010
340.40 0.000045
340.60 -0.000004
340.80 -0.000020
341.00 0.000006
341.20 0.000019
341.40 0.000008
341.60 0.000017
341.80 0.000009
342.00 0.000011
342.20 0.000000
342.40 -0.000012
342.60 -0.000009
342.80 0.000016
343.00 0.000017
343.20 -0.000006
343.40 0.000027
343.60 0.000036
343.80 0.000023
344.00 -0.000001
344.20 0.000019
344.40 0.000007
344.60 0.000028
344.80 0.000002
345.00 -0.000013
345.20 -0.000001
345.40 0.000013
345.60 0.000007
345.80 -0.000012
346.00 0.000008
346.20 0.000015
346.40 0.000023
346.60 0.000016
346.80 -0.000005
347.00 -0.000009
347.20 0.000024
347.40 0.000035
347.60 0.000016
347.80 -0.000006
348.00 -0.000014
348.20 -0.000009
348.40 0.000009
348.60 0.000019
348.80 -0.000009
349.00 -0.000008
349.20 0.000015
349.40 0.000011
349.60 0.000011
349.80 -0.000001
350.00 0.000028
350.20 0.000030
350.40 0.000001
350.60 0.000014
350.80 -0.000002
351.00 0.000025
351.20 0.000009
351.40 0.000026
351.60 0.000027
351.80 0.000002
352.00 0.000014
352.20 0.000001
352.40 0.000031
352.60 0.000029
352.80 0.000019
353.00 0.000036
353.20 0.000018
353.40 0.000024
353.60 0.000036
353.80 0.000021
354.00 0.000019
354.20 0.000044
354.40 0.000041
354.60 0.000040
354.80 0.000039
355.00 0.000015
355.20 0.000053
355.40 0.000038
355.60 0.000044
355.80 0.000031
356.00 0.000051
356.20 0.000059
356.40 0.000044
356.60 0.000045
356.80 0.000059
357.00 0.000061
357.20 0.000044
357.40 0.000073
357.60 0.000070
357.80 0.000065
358.00 0.000055
358.20 0.000082
358.40 0.000096
358.60 0.000076
358.80 0.000096
359.00 0.000084
359.20 0.000074
359.40 0.000109
359.60 0.000116
359.80 0.000086
360.00 0.000121
360.20 0.000121
360.40 0.000119
360.60 0.000116
360.80 0.000118
361.00 0.000143
361.20 0.000140
361.40 0.000122
361.60 0.000142
361.80 0.000138
362.00 0.000128
362.20 0.000165
362.40 0.000173
362.60 0.000155
362.80 0.000176
363.00 0.000187
363.20 0.000182
363.40 0.000184
363.60 0.000180
363.80 0.000206
364.00 0.000229
364.20 0.000219
364.40 0.000210
364.60 0.000208
364.80 0.000208
365.00 0.000227
365.20 0.000227
365.40 0.000238
365.60 0.000233
365.80 0.000247
366.00 0.000246
366.20 0.000265
366.40 0.000271
366.60 0.000278
366.80 0.000280
367.00 0.000256
367.20 0.000281
367.40 0.000288
367.60 0.000305
367.80 0.000311
368.00 0.000324
368.20 0.000316
368.40 0.000291
368.60 0.000321
368.80 0.000320
369.00 0.000347
369.20 0.000324
369.40 0.000340
369.60 0.000329
369.80 0.000345
370.00 0.000342
370.20 0.000345
370.40 0.000357
370.60 0.000335
370.80 0.000349
371.00 0.000347
371.20 0.000390
371.40 0.000383
371.60 0.000373
371.80 0.000366
372.00 0.000397
372.20 0.000413
372.40 0.000414
372.60 0.000410
372.80 0.000399
373.00 0.000439
373.20 0.000419
373.40 0.000407
373.60 0.000421
373.80 0.000418
374.00 0.000461
374.20 0.000453
374.40 0.000472
374.60 0.000448
374.80 0.000438
375.00 0.000458
375.20 0.000480
375.40 0.000474
375.60 0.000448
375.80 0.000447
376.00 0.000451
376.20 0.000470
376.40 0.000464
376.60 0.000482
376.80 0.000496
377.00 0.000478
377.20 0.000482
377.40 0.000463
377.60 0.000491
377.80 0.000504
378.00 0.000533
378.20 0.000521
378.40 0.000484
378.60 0.000512
378.80 0.000547
379.00 0.000527
379.20 0.000534
379.40 0.000532
379.60 0.000559
379.80 0.000545
380.00 0.000540
380.20 0.000543
380.40 0.000554
380.60 0.000543
380.80 0.000544
381.00 0.000539
381.20 0.000590
381.40 0.000566
381.60 0.000573
381.80 0.000536
382.00 0.000559
382.20 0.000554
382.40 0.000537
382.60 0.000538
382.80 0.000563
383.00 0.000564
383.20 0.000535
383.40 0.000520
383.60 0.000540
383.80 0.000541
384.00 0.000511
384.20 0.000519
384.40 0.000518
384.60 0.000520
384.80 0.000518
385.00 0.000516
385.20 0.000522
385.40 0.000512
385.60 0.000519
385.80 0.000464
386.00 0.000512
386.20 0.000477
386.40 0.000479
386.60 0.000481
386.80 0.000468
387.00 0.000483
387.20 0.000470
387.40 0.000469
387.60 0.000464
387.80 0.000473
388.00 0.000437
388.20 0.000443
388.40 0.000450
388.60 0.000440
388.80 0.000460
389.00 0.000444
389.20 0.000426
389.40 0.000482
389.60 0.000469
389.80 0.000455
390.00 0.000457
390.20 0.000455
390.40 0.000472
390.60 0.000493
390.80 0.000441
391.00 0.000459
391.20 0.000450
391.40 0.000450
391.60 0.000446
391.80 0.000488
392.00 0.000462
392.20 0.000477
392.40 0.000469
392.60 0.000520
392.80 0.000497
393.00 0.000482
393.20 0.000495
393.40 0.000524
393.60 0.000491
393.80 0.000512
394.00 0.000538
394.20 0.000552
394.40 0.000573
394.60 0.000541
394.80 0.000573
395.00 0.000562
395.20 0.000575
395.40 0.000558
395.60 0.000580
395.80 0.000573
396.00 0.000553
396.20 0.000601
396.40 0.000600
396.60 0.000587
396.80 0.000594
397.00 0.000592
397.20 0.000622
397.40 0.000607
397.60 0.000640
397.80 0.000634
398.00 0.000617
398.20 0.000612
398.40 0.000612
398.60 0.000631
398.80 0.000647
399.00 0.000607
399.20 0.000595
399.40 0.000616
399.60 0.000614
399.80 0.000634
400.00 0.000594
400.20 0.000630
400.40 0.000579
400.60 0.000584
400.80 0.000587
401.00 0.000550
401.20 0.000525
401.40 0.000552
401.60 0.000546
401.80 0.000499
402.00 0.000512
402.20 0.000464
402.40 0.000474
402.60 0.000445
402.80 0.000434
403.00 0.000386
403.20 0.000378
403.40 0.000359
403.60 0.000341
403.80 0.000319
404.00 0.000312
404.20 0.000290
404.40 0.000258
404.60 0.000243
404.80 0.000246
405.00 0.000241
405.20 0.000209
405.40 0.000225
405.60 0.000218
405.80 0.000195
406.00 0.000179
406.20 0.000184
406.40 0.000160
406.60 0.000161
406.80 0.000136
407.00 0.000137
407.20 0.000158
407.40 0.000147
407.60 0.000128
407.80 0.000138
408.00 0.000120
408.20 0.000146
408.40 0.000117
408.60 0.000136
408.80 0.000110
409.00 0.000109
409.20 0.000129
409.40 0.000099
409.60 0.000126
409.80 0.000140
410.00 0.000104
410.20 0.000128
410.40 0.000130
410.60 0.000121
410.80 0.000134
411.00 0.000151
411.20 0.000198
411.40 0.000173
411.60 0.000159
411.80 0.000181
412.00 0.000177
412.20 0.000229
412.40 0.000255
412.60 0.000294
412.80 0.000312
413.00 0.000331
413.20 0.000359
413.40 0.000371
413.60 0.000398
413.80 0.000434
414.00 0.000426
414.20 0.000404
414.40 0.000427
414.60 0.000432
414.80 0.000400
415.00 0.000380
415.20 0.000346
415.40 0.000310
415.60 0.000313
415.80 0.000271
416.00 0.000232
416.20 0.000203
416.40 0.000171
416.60 0.000152
416.80 0.000110
417.00 0.000105
417.20 0.000091
417.40 0.000089
417.60 0.000058
417.80 0.000044
418.00 0.000061
418.20 0.000062
418.40 0.000043
418.60 0.000034
418.80 0.000031
419.00 0.000046
419.20 0.000035
419.40 0.000015
419.60 0.000029
419.80 0.000035
420.00 0.000015
420.20 0.000037
420.40 0.000035
420.60 0.000022
420.80 0.000039
421.00 0.000025
421.20 0.000029
421.40 0.000033
421.60 0.000005
421.80 0.000014
422.00 -0.000000
422.20 0.000023
422.40 0.000023
422.60 0.000029
422.80 0.000018
423.00 0.000041
423.20 0.000030
423.40 -0.000003
423.60 0.000004
423.80 0.000002
424.00 0.000021
424.20 0.000010
424.40 0.000011
424.60 0.000029
424.80 0.000020
425.00 0.000005
425.20 -0.000005
425.40 -0.000011
425.60 0.000017
425.80 0.000001
426.00 -0.000012
426.20 0.000001
426.40 -0.000017
426.60 0.000034
426.80 -0.000005
427.00 0.000006
427.20 -0.000001
427.40 -0.000008
427.60 0.000031
427.80 0.000008
428.00 0.000039
428.20 0.000004
428.40 0.000013
428.60 0.000015
428.80 0.000012
429.00 0.000026
429.20 0.000002
429.40 -0.000000
429.60 0.000018
429.80 -0.000014
430.00 0.000006
430.20 -0.000009
430.40 0.000019
430.60 0.000011
430.80 0.000027
431.00 0.000013
431.20 0.000018
431.40 0.000011
431.60 0.000002
431.80 0.000030
432.00 0.000033
432.20 0.000043
432.40 -0.000008
432.60 0.000007
432.80 0.000010
433.00 0.000003
433.20 -0.000004
433.40 0.000020
433.60 0.000020
433.80 0.000016
434.00 0.000035
434.20 0.000047
434.40 0.000021
434.60 0.000016
434.80 0.000027
435.00 0.000027
435.20 0.000027
435.40 0.000041
435.60 0.000014
435.80 0.000028
436.00 0.000036
436.20 0.000043
436.40 0.000045
436.60 0.000075
436.80 0.000058
437.00 0.000075
437.20 0.000071
437.40 0.000093
437.60 0.000116
437.80 0.000115
438.00 0.000145
438.20 0.000185
438.40 0.000176
438.60 0.000234
438.80 0.000262
439.00 0.000327
439.20 0.000369
439.40 0.000371
439.60 0.000420
439.80 0.000450
440.00 0.000477
440.20 0.000482
440.40 0.000510
440.60 0.000540
440.80 0.000516
441.00 0.000536
441.20 0.000528
441.40 0.000503
441.60 0.000497
441.80 0.000481
442.00 0.000451
442.20 0.000413
442.40 0.000407
442.60 0.000413
442.80 0.000388
443.00 0.000394
443.20 0.000384
443.40 0.000392
443.60 0.000419
443.80 0.000408
444.00 0.000426
444.20 0.000468
444.40 0.000471
444.60 0.000458
444.80 0.000460
445.00 0.000481
445.20 0.000491
445.40 0.000473
445.60 0.000471
445.80 0.000433
446.00 0.000430
446.20 0.000397
446.40 0.000371
446.60 0.000331
446.80 0.000287
447.00 0.000267
447.20 0.000213
447.40 0.000211
447.60 0.000173
447.80 0.000152
448.00 0.000108
448.20 0.000123
448.40 0.000113
448.60 0.000055
448.80 0.000082
449.00 0.000071
449.20 0.000070
449.40 0.000068
449.60 0.000055
449.80 0.000049
450.00 0.000040
450.20 0.000009
450.40 0.000021
450.60 0.000028
450.80 0.000020
451.00 0.000041
451.20 0.000016
451.40 0.000013
451.60 0.000017
451.80 0.000009
452.00 0.000016
452.20 -0.000000
452.40 0.000030
452.60 0.000012
452.80 0.000043
453.00 0.000014
453.20 0.000003
453.40 0.000012
453.60 0.000033
453.80 0.000017
454.00 0.000034
454.20 0.000016
454.40 0.000026
454.60 0.000037
454.80 0.000020
455.00 0.000031
455.20 0.000005
455.40 0.000004
455.60 0.000016
455.80 0.000038
456.00 -0.000001
456.20 0.000043
456.40 0.000014
456.60 0.000009
456.80 0.000029
457.00 0.000010
457.20 0.000021
457.40 0.000038
457.60 0.000010
457.80 0.000039
458.00 0.000034
458.20 0.000030
458.40 0.000069
458.60 0.000057
458.80 0.000062
459.00 0.000081
459.20 0.000093
459.40 0.000122
459.60 0.000128
459.80 0.000144
460.00 0.000202
460.20 0.000167
460.40 0.000160
460.60 0.000180
460.80 0.000141
461.00 0.000134
461.20 0.000135
461.40 0.000121
461.60 0.000068
461.80 0.000085
462.00 0.000064
462.20 0.000045
462.40 0.000029
462.60 0.000020
462.80 0.000046
463.00 0.000015
463.20 -0.000000
463.40 -0.000009
463.60 0.000031
463.80 0.000022
464.00 0.000011
464.20 0.000015
464.40 0.000016
464.60 0.000022
464.80 -0.000012
465.00 0.000022
465.20 0.000001
465.40 0.000021
465.60 0.000013
465.80 0.000004
466.00 0.000011
466.20 0.000019
466.40 0.000001
466.60 -0.000001
466.80 -0.000003
467.00 0.000004
467.20 0.000006
467.40 0.000011
467.60 -0.000010
467.80 -0.000019
468.00 -0.000002
468.20 -0.000006
468.40 0.000024
468.60 0.000022
468.80 0.000029
469.00 0.000008
469.20 -0.000013
469.40 0.000029
469.60 0.000002
469.80 -0.000001
470.00 0.000004
470.20 0.000019
470.40 0.000014
470.60 0.000017
470.80 0.000014
471.00 0.000008
471.20 0.000012
471.40 0.000029
471.60 0.000013
471.80 0.000026
472.00 0.000004
472.20 0.000005
472.40 0.000005
472.60 0.000017
472.80 0.000023
473.00 0.000023
473.20 0.000005
473.40 0.000012
473.60 0.000009
473.80 0.000011
474.00 -0.000008
474.20 -0.000021
474.40 0.000017
474.60 0.000012
474.80 0.000023
475.00 -0.000014
475.20 0.000007
475.40 0.000025
475.60 0.000011
475.80 0.000025
476.00 0.000023
476.20 0.000022
476.40 0.000013
476.60 0.000004
476.80 0.000002
477.00 0.000019
477.20 0.000005
477.40 0.000010
477.60 0.000009
477.80 0.000004
478.00 0.000035
478.20 0.000036
478.40 0.000004
478.60 0.000012
478.80 0.000020
479.00 0.000015
479.20 -0.000004
479.40 -0.000003
479.60 0.000020
479.80 -0.000009
480.00 0.000020
480.20 -0.000006
480.40 0.000014
480.60 0.000027
480.80 0.000008
481.00 -0.000001
481.20 0.000027
481.40 0.000001
481.60 0.000008
481.80 -0.000024
482.00 0.000012
482.20 0.000009
482.40 0.000021
482.60 0.000021
482.80 0.000003
483.00 -0.000003
483.20 0.000004
483.40 -0.000007
483.60 -0.000000
483.80 0.000016
484.00 0.000030
484.20 0.000009
484.40 0.000041
484.60 0.000009
484.80 -0.000001
485.00 0.000049
485.20 0.000032
485.40 0.000032
485.60 0.000041
485.80 0.000042
486.00 0.000003
486.20 0.000037
486.40 0.000036
486.60 0.000025
486.80 0.000059
487.00 0.000062
487.20 0.000070
487.40 0.000063
487.60 0.000063
487.80 0.000103
488.00 0.000063
488.20 0.000086
488.40 0.000104
488.60 0.000090
488.80 0.000108
489.00 0.000117
489.20 0.000134
489.40 0.000148
489.60 0.000123
489.80 0.000126
490.00 0.000159
490.20 0.000162
490.40 0.000168
490.60 0.000208
490.80 0.000203
491.00 0.000190
491.20 0.000212
491.40 0.000237
491.60 0.000231
491.80 0.000246
492.00 0.000274
492.20 0.000265
492.40 0.000292
492.60 0.000323
492.80 0.000327
493.00 0.000314
493.20 0.000350
493.40 0.000365
493.60 0.000396
493.80 0.000378
494.00 0.000419
494.20 0.000424
494.40 0.000449
494.60 0.000462
494.80 0.000500
495.00 0.000535
495.20 0.000521
495.40 0.000566
495.60 0.000558
495.80 0.000601
496.00 0.000602
496.20 0.000642
496.40 0.000688
496.60 0.000703
496.80 0.000701
497.00 0.000723
497.20 0.000734
497.40 0.000785
497.60 0.000774
497.80 0.000837
498.00 0.000820
498.20 0.000890
498.40 0.000882
498.60 0.000930
498.80 0.000977
499.00 0.001005
499.20 0.001031
499.40 0.001103
499.60 0.001097
499.80 0.001158
500.00 0.001172
500.20 0.001214
500.40 0.001209
500.60 0.001265
500.80 0.001306
501.00 0.001345
501.20 0.001366
501.40 0.001388
501.60 0.001427
501.80 0.001516
502.00 0.001531
502.20 0.001548
502.40 0.001625
502.60 0.001641
502.80 0.001686
503.00 0.001743
503.20 0.001761
503.40 0.001816
503.60 0.001883
503.80 0.001894
504.00 0.001985
504.20 0.002041
504.40 0.002122
504.60 0.002166
504.80 0.002202
505.00 0.002248
505.20 0.002311
505.40 0.002371
505.60 0.002423
505.80 0.002501
506.00 0.002615
506.20 0.002631
506.40 0.002724
506.60 0.002781
506.80 0.002832
507.00 0.002934
507.20 0.003021
507.40 0.003112
507.60 0.003207
507.80 0.003311
508.00 0.003408
508.20 0.003451
508.40 0.003585
508.60 0.003662
508.80 0.003766
509.00 0.003925
509.20 0.003998
509.40 0.004154
509.60 0.004286
509.80 0.004392
510.00 0.004492
510.20 0.004656
510.40 0.004853
510.60 0.004983
510.80 0.005076
511.00 0.005272
511.20 0.005503
511.40 0.005652
511.60 0.005864
511.80 0.006036
512.00 0.006231
512.20 0.006456
512.40 0.006707
512.60 0.006896
512.80 0.007095
513.00 0.007374
513.20 0.007698
513.40 0.007935
513.60 0.008319
513.80 0.008526
514.00 0.008881
514.20 0.009197
514.40 0.009553
514.60 0.009850
514.80 0.010307
515.00 0.010799
515.20 0.011126
515.40 0.011614
515.60 0.012041
515.80 0.012564
516.00 0.013127
516.20 0.013616
516.40 0.014184
516.60 0.014891
516.80 0.015383
517.00 0.016108
517.20 0.016794
517.40 0.017568
517.60 0.018316
517.80 0.019244
518.00 0.020085
518.20 0.020997
518.40 0.022004
518.60 0.023038
518.80 0.024130
519.00 0.025308
519.20 0.026600
519.40 0.027865
519.60 0.029198
519.80 0.030659
520.00 0.032349
520.20 0.033785
520.40 0.035656
520.60 0.037392
520.80 0.039286
521.00 0.041473
521.20 0.043586
521.40 0.045952
521.60 0.048574
521.80 0.050966
522.00 0.053924
522.20 0.056710
522.40 0.060006
522.60 0.063416
522.80 0.067086
523.00 0.070664
523.20 0.074956
523.40 0.079502
523.60 0.083622
523.80 0.088552
524.00 0.094100
524.20 0.099551
524.40 0.105883
524.60 0.112499
524.80 0.119246
525.00 0.126389
525.20 0.134932
525.40 0.143429
525.60 0.152325
525.80 0.162466
526.00 0.172944
526.20 0.184187
526.40 0.196078
526.60 0.209096
526.80 0.223424
527.00 0.238600
527.20 0.254999
527.40 0.272892
527.60 0.291737
527.80 0.310972
528.00 0.333847
528.20 0.358137
528.40 0.385394
528.60 0.414169
528.80 0.444090
529.00 0.476563
529.20 0.512392
529.40 0.552486
529.60 0.593760
529.80 0.641586
530.00 0.691888
530.20 0.746725
530.40 0.803515
530.60 0.868558
530.80 0.941273
531.00 1.020217
531.20 1.105298
531.40 1.200424
531.60 1.299002
531.80 1.404714
532.00 1.527334
532.20 1.657641
532.40 1.809405
532.60 1.969630
532.80 2.152197
533.00 2.333584
533.20 2.540470
533.40 2.777065
533.60 3.040781
533.80 3.321279
534.00 3.630841
534.20 3.958523
534.40 4.312012
534.60 4.721929
534.80 5.170433
535.00 5.680869
535.20 6.215383
535.40 6.824406
535.60 7.446673
535.80 8.128270
536.00 8.906836
536.20 9.770139
536.40 10.720749
536.60 11.765562
536.80 12.791687
537.00 13.962047
537.20 15.200014
537.40 16.572721
537.60 18.084585
537.80 19.726631
538.00 21.376913
538.20 23.210894
538.40 24.984032
538.60 26.955488
538.80 29.136381
539.00 31.261396
539.20 33.503651
539.40 35.849438
539.60 38.241413
539.80 40.566723
540.00 43.007477
540.20 45.509102
540.40 48.048687
540.60 50.421249
540.80 52.848560
541.00 55.166756
541.20 57.417236
541.40 59.552540
541.60 61.822922
541.80 63.834167
542.00 65.693909
542.20 67.547485
542.40 69.524925
542.60 70.966980
542.80 72.391525
543.00 73.845642
543.20 75.160667
543.40 76.308830
543.60 77.282166
543.80 78.237900
544.00 79.398308
544.20 80.221352
544.40 81.043976
544.60 81.647537
544.80 82.280014
545.00 82.658699
545.20 83.436165
545.40 83.631668
545.60 84.042809
545.80 84.619896
546.00 84.922531
546.20 85.397812
546.40 85.618668
546.60 85.981308
546.80 86.059227
547.00 86.334572
547.20 86.518967
547.40 86.805168
547.60 86.654160
547.80 87.002876
548.00 87.198845
548.20 87.296761
548.40 87.647713
548.60 87.486694
548.80 87.556366
549.00 87.659851
549.20 87.980721
549.40 87.940300
549.60 87.665108
549.80 87.726547
550.00 87.911369
550.20 87.950066
550.40 88.020309
550.60 88.163307
550.80 87.942451
551.00 88.125076
551.20 88.080231
551.40 87.890518
551.60 88.089012
551.80 87.803871
552.00 87.954979
552.20 87.828621
552.40 87.621986
552.60 87.583664
552.80 87.775238
553.00 87.682205
553.20 87.687881
553.40 87.298210
553.60 87.341507
553.80 87.519058
554.00 87.411980
554.20 87.388924
554.40 87.240746
554.60 87.014137
554.80 86.925209
555.00 86.847519
555.20 86.491615
555.40 86.394035
555.60 86.247894
555.80 85.774269
556.00 85.436584
556.20 84.866592
556.40 84.684578
556.60 83.935608
556.80 83.127182
557.00 82.620468
557.20 81.725349
557.40 80.478485
557.60 79.633446
557.80 78.231697
558.00 76.732651
558.20 74.991646
558.40 73.523232
558.60 71.746078
558.80 69.608200
559.00 67.511139
559.20 65.039574
559.40 62.895668
559.60 60.094482
559.80 57.753223
560.00 55.117191
560.20 52.477402
560.40 49.643448
560.60 46.847172
560.80 44.099159
561.00 41.535149
561.20 38.865601
561.40 36.342587
561.60 33.861904
561.80 31.340694
562.00 29.101233
562.20 26.854744
562.40 24.933386
562.60 23.019808
562.80 21.206076
563.00 19.467228
563.20 17.869898
563.40 16.335297
563.60 15.063548
563.80 13.887188
564.00 12.747927
564.20 11.701391
564.40 10.748374
564.60 9.797586
564.80 8.970974
565.00 8.276415
565.20 7.567880
565.40 6.976880
565.60 6.415763
565.80 5.876024
566.00 5.397652
566.20 4.962424
566.40 4.602403
566.60 4.243839
566.80 3.921049
567.00 3.606471
567.20 3.330880
567.40 3.080479
567.60 2.846968
567.80 2.643634
568.00 2.452833
568.20 2.272094
568.40 2.110345
568.60 1.959268
568.80 1.823092
569.00 1.695787
569.20 1.578544
569.40 1.476062
569.60 1.375597
569.80 1.273571
570.00 1.196406
570.20 1.121375
570.40 1.049141
570.60 0.986928
570.80 0.921665
571.00 0.863453
571.20 0.809291
571.40 0.761303
571.60 0.714604
571.80 0.672615
572.00 0.632590
572.20 0.595459
572.40 0.560153
572.60 0.527417
572.80 0.497740
573.00 0.469920
573.20 0.446583
573.40 0.419105
573.60 0.396315
573.80 0.374021
574.00 0.353836
574.20 0.335655
574.40 0.317989
574.60 0.301397
574.80 0.285364
575.00 0.270577
575.20 0.256255
575.40 0.243331
575.60 0.230946
575.80 0.220589
576.00 0.209518
576.20 0.199572
576.40 0.189528
576.60 0.180506
576.80 0.172187
577.00 0.163774
577.20 0.156992
577.40 0.149792
577.60 0.142736
577.80 0.136288
578.00 0.130195
578.20 0.123875
578.40 0.118765
578.60 0.113193
578.80 0.108701
579.00 0.103984
579.20 0.099499
579.40 0.095468
579.60 0.091328
579.80 0.087417
580.00 0.083643
580.20 0.080468
580.40 0.076854
580.60 0.073648
580.80 0.070784
581.00 0.067802
581.20 0.065299
581.40 0.062263
581.60 0.059872
581.80 0.057436
582.00 0.054950
582.20 0.053054
582.40 0.050545
582.60 0.048801
582.80 0.046819
583.00 0.044820
583.20 0.043101
583.40 0.041259
583.60 0.039446
583.80 0.037923
584.00 0.036458
584.20 0.034837
584.40 0.033514
584.60 0.031981
584.80 0.030573
585.00 0.029313
585.20 0.028028
585.40 0.026937
585.60 0.025779
585.80 0.024581
586.00 0.023503
586.20 0.022531
586.40 0.021477
586.60 0.020558
586.80 0.019524
587.00 0.018643
587.20 0.017740
587.40 0.016879
587.60 0.016012
587.80 0.015399
588.00 0.014622
588.20 0.013869
588.40 0.013211
588.60 0.012483
588.80 0.011834
589.00 0.011243
589.20 0.010631
589.40 0.010123
589.60 0.009600
589.80 0.009103
590.00 0.008573
590.20 0.008084
590.40 0.007649
590.60 0.007266
590.80 0.006842
591.00 0.006460
591.20 0.006123
591.40 0.005769
591.60 0.005469
591.80 0.005129
592.00 0.004816
592.20 0.004580
592.40 0.004380
592.60 0.004105
592.80 0.003879
593.00 0.003612
593.20 0.003415
593.40 0.003267
593.60 0.003060
593.80 0.002893
594.00 0.002759
594.20 0.002611
594.40 0.002434
594.60 0.002300
594.80 0.002190
595.00 0.002073
595.20 0.001977
595.40 0.001857
595.60 0.001761
595.80 0.001661
596.00 0.001604
596.20 0.001472
596.40 0.001439
596.60 0.001340
596.80 0.001288
597.00 0.001234
597.20 0.001145
597.40 0.001089
597.60 0.001038
597.80 0.000955
598.00 0.000964
598.20 0.000904
598.40 0.000855
598.60 0.000807
598.80 0.000765
599.00 0.000718
599.20 0.000697
599.40 0.000685
599.60 0.000629
599.80 0.000590
600.00 0.000573
600.20 0.000532
600.40 0.000515
600.60 0.000494
600.80 0.000445
601.00 0.000461
601.20 0.000410
601.40 0.000428
601.60 0.000383
601.80 0.000388
602.00 0.000357
602.20 0.000313
602.40 0.000318
602.60 0.000290
602.80 0.000294
603.00 0.000276
603.20 0.000237
603.40 0.000233
603.60 0.000236
603.80 0.000230
604.00 0.000209
604.20 0.000209
604.40 0.000193
604.60 0.000195
604.80 0.000184
605.00 0.000155
605.20 0.000164
605.40 0.000166
605.60 0.000118
605.80 0.000144
606.00 0.000116
606.20 0.000126
606.40 0.000108
606.60 0.000094
606.80 0.000109
607.00 0.000104
607.20 0.000104
607.40 0.000109
607.60 0.000083
607.80 0.000079
608.00 0.000090
608.20 0.000069
608.40 0.000076
608.60 0.000081
608.80 0.000065
609.00 0.000085
609.20 0.000086
609.40 0.000067
609.60 0.000065
609.80 0.000056
610.00 0.000064
610.20 0.000051
610.40 0.000053
610.60 0.000048
610.80 0.000053
611.00 0.000041
611.20 0.000060
611.40 0.000025
611.60 0.000043
611.80 0.000036
612.00 0.000065
612.20 0.000020
612.40 0.000042
612.60 0.000046
612.80 0.000045
613.00 0.000031
613.20 0.000023
613.40 0.000029
613.60 0.000018
613.80 0.000007
614.00 0.000034
614.20 0.000037
614.40 0.000023
614.60 0.000018
614.80 0.000043
615.00 0.000005
615.20 0.000022
615.40 0.000021
615.60 0.000025
615.80 -0.000004
616.00 0.000016
616.20 0.000011
616.40 0.000024
616.60 0.000042
616.80 0.000016
617.00 0.000027
617.20 0.000018
617.40 0.000014
617.60 0.000008
617.80 0.000014
618.00 -0.000022
618.20 -0.000003
618.40 0.000008
618.60 0.000017
618.80 0.000006
619.00 0.000014
619.20 0.000006
619.40 0.000008
619.60 0.000010
619.80 0.000014
620.00 0.000012
620.20 0.000025
620.40 -0.000017
620.60 -0.000000
620.80 0.000004
621.00 0.000021
621.20 0.000014
621.40 0.000012
621.60 0.000034
621.80 0.000009
622.00 0.000002
622.20 0.000013
622.40 -0.000007
622.60 0.000005
622.80 -0.000004
623.00 0.000002
623.20 0.000018
623.40 0.000012
623.60 0.000009
623.80 -0.000007
624.00 -0.000007
624.20 0.000019
624.40 0.000010
624.60 0.000020
624.80 0.000023
625.00 0.000008
625.20 0.000004
625.40 0.000005
625.60 0.000008
625.80 0.000002
626.00 -0.000009
626.20 -0.000001
626.40 0.000015
626.60 0.000017
626.80 0.000016
627.00 0.000021
627.20 0.000009
627.40 0.000024
627.60 0.000008
627.80 0.000009
628.00 0.000018
628.20 0.000006
628.40 0.000002
628.60 0.000027
628.80 0.000002
629.00 0.000011
629.20 -0.000008
629.40 -0.000016
629.60 -0.000000
629.80 0.000002
630.00 0.000021
630.20 -0.000016
630.40 0.000045
630.60 0.000026
630.80 0.000001
631.00 0.000021
631.20 -0.000003
631.40 -0.000018
631.60 0.000005
631.80 0.000034
632.00 0.000018
632.20 0.000009
632.40 0.000006
632.60 0.000009
632.80 0.000002
633.00 0.000011
633.20 0.000022
633.40 0.000013
633.60 0.000010
633.80 -0.000008
634.00 0.000022
634.20 -0.000003
634.40 -0.000025
634.60 0.000015
634.80 -0.000005
635.00 0.000016
635.20 -0.000003
635.40 -0.000011
635.60 -0.000001
635.80 0.000016
636.00 0.000002
636.20 0.000019
636.40 0.000013
636.60 0.000013
636.80 0.000022
637.00 -0.000014
637.20 0.000015
637.40 -0.000009
637.60 0.000018
637.80 0.000018
638.00 0.000013
638.20 0.000006
638.40 -0.000017
638.60 0.000014
638.80 -0.000006
639.00 -0.000009
639.20 0.000005
639.40 0.000012
639.60 0.000020
639.80 0.000009
640.00 0.000018
640.20 0.000009
640.40 0.000014
640.60 -0.000003
640.80 0.000006
641.00 0.000023
641.20 -0.000006
641.40 0.000006
641.60 0.000001
641.80 0.000006
642.00 0.000008
642.20 0.000012
642.40 0.000007
642.60 0.000009
642.80 0.000003
643.00 -0.000001
643.20 0.000010
643.40 0.000017
643.60 0.000026
643.80 -0.000005
644.00 0.000035
644.20 0.000020
644.40 -0.000016
644.60 0.000007
644.80 -0.000010
645.00 0.000007
645.20 -0.000006
645.40 -0.000010
645.60 0.000014
645.80 0.000016
646.00 -0.000008
646.20 -0.000008
646.40 0.000015
646.60 0.000021
646.80 -0.000004
647.00 -0.000017
647.20 0.000022
647.40 -0.000018
647.60 0.000006
647.80 0.000001
648.00 0.000018
648.20 0.000010
648.40 -0.000009
648.60 0.000021
648.80 0.000009
649.00 0.000017
649.20 -0.000000
649.40 -0.000006
649.60 0.000012
649.80 0.000008
650.00 -0.000007
650.20 0.000002
650.40 -0.000015
650.60 0.000019
650.80 -0.000003
651.00 0.000003
651.20 -0.000009
651.40 0.000006
651.60 -0.000007
651.80 0.000028
652.00 0.000025
652.20 0.000020
652.40 0.000021
652.60 -0.000004
652.80 0.000004
653.00 0.000010
653.20 -0.000016
653.40 0.000009
653.60 -0.000007
653.80 0.000009
654.00 0.000006
654.20 0.000017
654.40 0.000006
654.60 -0.000004
654.80 -0.000009
655.00 0.000009
655.20 0.000008
655.40 0.000015
655.60 0.000004
655.80 0.000007
656.00 0.000002
656.20 -0.000016
656.40 -0.000004
656.60 -0.000010
656.80 -0.000011
657.00 0.000008
657.20 0.000019
657.40 0.000010
657.60 -0.000007
657.80 0.000027
658.00 0.000028
658.20 0.000023
658.40 0.000016
658.60 0.000007
658.80 0.000011
659.00 0.000005
659.20 -0.000011
659.40 0.000008
659.60 -0.000000
659.80 -0.000003
660.00 0.000019
660.20 0.000008
660.40 -0.000019
660.60 0.000002
660.80 -0.000000
661.00 0.000009
661.20 0.000005
661.40 -0.000012
661.60 0.000018
661.80 -0.000007
662.00 0.000002
662.20 -0.000001
662.40 -0.000020
662.60 0.000006
662.80 0.000011
663.00 0.000029
663.20 0.000020
663.40 0.000024
663.60 -0.000013
663.80 -0.000000
664.00 0.000002
664.20 0.000018
664.40 0.000024
664.60 0.000010
664.80 0.000016
665.00 0.000007
665.20 0.000006
665.40 0.000016
665.60 -0.000001
665.80 0.000007
666.00 0.000015
666.20 -0.000000
666.40 0.000008
666.60 -0.000007
666.80 -0.000013
667.00 -0.000006
667.20 0.000012
667.40 0.000002
667.60 0.000002
667.80 0.000013
668.00 0.000004
668.20 0.000003
668.40 -0.000002
668.60 0.000021
668.80 -0.000023
669.00 -0.000003
669.20 0.000001
669.40 0.000003
669.60 0.000011
669.80 0.000024
670.00 0.000005
670.20 0.000008
670.40 0.000023
670.60 0.000016
670.80 0.000005
671.00 0.000016
671.20 -0.000002
671.40 0.000019
671.60 0.000003
671.80 0.000003
672.00 0.000017
672.20 0.000016
672.40 0.000014
672.60 -0.000021
672.80 0.000002
673.00 0.000012
673.20 0.000008
673.40 0.000027
673.60 0.000012
673.80 0.000000
674.00 0.000011
674.20 0.000019
674.40 -0.000008
674.60 0.000019
674.80 0.000011
675.00 0.000016
675.20 -0.000003
675.40 0.000021
675.60 0.000024
675.80 0.000015
676.00 0.000011
676.20 0.000030
676.40 0.000023
676.60 0.000001
676.80 0.000005
677.00 -0.000000
677.20 0.000023
677.40 0.000001
677.60 0.000019
677.80 0.000036
678.00 0.000025
678.20 0.000020
678.40 0.000011
678.60 0.000031
678.80 0.000029
679.00 0.000044
679.20 0.000029
679.40 0.000028
679.60 0.000036
679.80 0.000037
680.00 0.000050
680.20 0.000035
680.40 0.000033
680.60 0.000051
680.80 0.000060
681.00 0.000059
681.20 0.000062
681.40 0.000048
681.60 0.000061
681.80 0.000088
682.00 0.000079
682.20 0.000074
682.40 0.000092
682.60 0.000077
682.80 0.000089
683.00 0.000119
683.20 0.000111
683.40 0.000095
683.60 0.000127
683.80 0.000138
684.00 0.000142
684.20 0.000126
684.40 0.000150
684.60 0.000172
684.80 0.000160
685.00 0.000166
685.20 0.000167
685.40 0.000185
685.60 0.000211
685.80 0.000199
686.00 0.000225
686.20 0.000235
686.40 0.000284
686.60 0.000249
686.80 0.000229
687.00 0.000235
687.20 0.000273
687.40 0.000298
687.60 0.000317
687.80 0.000344
688.00 0.000362
688.20 0.000361
688.40 0.000367
688.60 0.000378
688.80 0.000378
689.00 0.000397
689.20 0.000393
689.40 0.000449
689.60 0.000475
689.80 0.000421
690.00 0.000455
690.20 0.000420
690.40 0.000427
690.60 0.000439
690.80 0.000461
691.00 0.000427
691.20 0.000422
691.40 0.000415
691.60 0.000389
691.80 0.000413
692.00 0.000396
692.20 0.000392
692.40 0.000382
692.60 0.000367
692.80 0.000320
693.00 0.000353
693.20 0.000318
693.40 0.000306
693.60 0.000307
693.80 0.000286
694.00 0.000303
694.20 0.000274
694.40 0.000268
694.60 0.000243
694.80 0.000228
695.00 0.000235
695.20 0.000210
695.40 0.000207
695.60 0.000190
695.80 0.000182
696.00 0.000194
696.20 0.000203
696.40 0.000155
696.60 0.000168
696.80 0.000175
697.00 0.000171
697.20 0.000156
697.40 0.000166
697.60 0.000159
697.80 0.000137
698.00 0.000136
698.20 0.000160
698.40 0.000141
698.60 0.000130
698.80 0.000142
699.00 0.000122
699.20 0.000134
699.40 0.000151
699.60 0.000153
699.80 0.000154
700.00 0.000140
700.20 0.000121
700.40 0.000133
700.60 0.000140
700.80 0.000140
701.00 0.000114
701.20 0.000148
701.40 0.000098
701.60 0.000121
701.80 0.000141
702.00 0.000128
702.20 0.000127
702.40 0.000114
702.60 0.000134
702.80 0.000164
703.00 0.000122
703.20 0.000155
703.40 0.000143
703.60 0.000164
703.80 0.000146
704.00 0.000137
704.20 0.000172
704.40 0.000174
704.60 0.000177
704.80 0.000158
705.00 0.000166
705.20 0.000174
705.40 0.000177
705.60 0.000189
705.80 0.000199
706.00 0.000225
706.20 0.000206
706.40 0.000218
706.60 0.000244
706.80 0.000228
707.00 0.000253
707.20 0.000224
707.40 0.000289
707.60 0.000292
707.80 0.000287
708.00 0.000293
708.20 0.000324
708.40 0.000293
708.60 0.000315
708.80 0.000346
709.00 0.000361
709.20 0.000356
709.40 0.000361
709.60 0.000363
709.80 0.000382
710.00 0.000399
710.20 0.000407
710.40 0.000413
710.60 0.000423
710.80 0.000434
711.00 0.000435
711.20 0.000426
711.40 0.000433
711.60 0.000435
711.80 0.000432
712.00 0.000402
712.20 0.000426
712.40 0.000433
712.60 0.000425
712.80 0.000420
713.00 0.000360
713.20 0.000370
713.40 0.000366
713.60 0.000362
713.80 0.000350
714.00 0.000347
714.20 0.000349
714.40 0.000351
714.60 0.000337
714.80 0.000308
715.00 0.000287
715.20 0.000293
715.40 0.000312
715.60 0.000263
715.80 0.000276
716.00 0.000250
716.20 0.000249
716.40 0.000249
716.60 0.000245
716.80 0.000224
717.00 0.000237
717.20 0.000236
717.40 0.000222
717.60 0.000241
717.80 0.000214
718.00 0.000177
718.20 0.000175
718.40 0.000207
718.60 0.000188
718.80 0.000177
719.00 0.000175
719.20 0.000173
719.40 0.000201
719.60 0.000160
719.80 0.000153
720.00 0.000196
720.20 0.000185
720.40 0.000165
720.60 0.000175
720.80 0.000170
721.00 0.000163
721.20 0.000150
721.40 0.000157
721.60 0.000178
721.80 0.000177
722.00 0.000177
722.20 0.000164
722.40 0.000152
722.60 0.000163
722.80 0.000142
723.00 0.000163
723.20 0.000171
723.40 0.000169
723.60 0.000144
723.80 0.000157
724.00 0.000149
724.20 0.000183
724.40 0.000183
724.60 0.000163
724.80 0.000201
725.00 0.000134
725.20 0.000180
725.40 0.000166
725.60 0.000188
725.80 0.000189
726.00 0.000174
726.20 0.000195
726.40 0.000187
726.60 0.000177
726.80 0.000172
727.00 0.000211
727.20 0.000202
727.40 0.000192
727.60 0.000214
727.80 0.000214
728.00 0.000216
728.20 0.000236
728.40 0.000219
728.60 0.000219
728.80 0.000229
729.00 0.000269
729.20 0.000252
729.40 0.000251
729.60 0.000284
729.80 0.000278
730.00 0.000291
730.20 0.000320
730.40 0.000341
730.60 0.000375
730.80 0.000349
731.00 0.000447
731.20 0.000450
731.40 0.000471
731.60 0.000516
731.80 0.000583
732.00 0.000608
732.20 0.000682
732.40 0.000766
732.60 0.000865
732.80 0.001007
733.00 0.001149
733.20 0.001243
733.40 0.001474
733.60 0.001665
733.80 0.001812
734.00 0.002042
734.20 0.002132
734.40 0.002348
734.60 0.002455
734.80 0.002554
735.00 0.002595
735.20 0.002566
735.40 0.002544
735.60 0.002445
735.80 0.002311
736.00 0.002123
736.20 0.001920
736.40 0.001742
736.60 0.001497
736.80 0.001324
737.00 0.001151
737.20 0.000907
737.40 0.000819
737.60 0.000712
737.80 0.000597
738.00 0.000518
738.20 0.000461
738.40 0.000399
738.60 0.000334
738.80 0.000282
739.00 0.000262
739.20 0.000215
739.40 0.000231
739.60 0.000204
739.80 0.000200
740.00 0.000147
740.20 0.000131
740.40 0.000111
740.60 0.000116
740.80 0.000093
741.00 0.000121
741.20 0.000077
741.40 0.000103
741.60 0.000069
741.80 0.000091
742.00 0.000070
742.20 0.000071
742.40 0.000072
742.60 0.000069
742.80 0.000053
743.00 0.000072
743.20 0.000058
743.40 0.000037
743.60 0.000062
743.80 0.000070
744.00 0.000047
744.20 0.000053
744.40 0.000035
744.60 0.000041
744.80 0.000037
745.00 0.000028
745.20 0.000043
745.40 0.000073
745.60 0.000039
745.80 0.000047
746.00 0.000043
746.20 0.000051
746.40 0.000031
746.60 0.000026
746.80 0.000030
747.00 0.000017
747.20 0.000025
747.40 0.000026
747.60 0.000029
747.80 0.000036
748.00 0.000032
748.20 0.000030
748.40 0.000037
748.60 0.000029
748.80 0.000041
749.00 0.000023
749.20 0.000010
749.40 0.000037
749.60 0.000024
749.80 0.000015
750.00 0.000014
750.20 0.000009
750.40 0.000039
750.60 0.000030
750.80 0.000013
751.00 0.000027
751.20 0.000013
751.40 0.000010
751.60 0.000009
751.80 0.000020
752.00 0.000015
752.20 0.000036
752.40 0.000013
752.60 0.000029
752.80 0.000015
753.00 0.000010
753.20 0.000029
753.40 0.000033
753.60 0.000010
753.80 0.000005
754.00 0.000012
754.20 0.000008
754.40 0.000010
754.60 0.000013
754.80 0.000025
755.00 0.000026
755.20 0.000025
755.40 0.000022
755.60 -0.000009
755.80 0.000030
756.00 0.000011
756.20 -0.000015
756.40 -0.000001
756.60 -0.000022
756.80 -0.000005
757.00 0.000014
757.20 0.000009
757.40 0.000021
757.60 0.000042
757.80 0.000047
758.00 0.000023
758.20 0.000018
758.40 0.000001
758.60 0.000023
758.80 0.000011
759.00 0.000006
759.20 0.000021
759.40 0.000013
759.60 -0.000006
759.80 -0.000008
760.00 0.000004
760.20 0.000031
760.40 -0.000000
760.60 0.000009
760.80 0.000035
761.00 0.000002
761.20 0.000004
761.40 0.000044
761.60 0.000022
761.80 0.000031
762.00 0.000024
762.20 0.000016
762.40 0.000010
762.60 0.000002
762.80 0.000025
763.00 0.000025
763.20 0.000030
763.40 0.000036
763.60 0.000034
763.80 0.000009
764.00 0.000010
764.20 0.000002
764.40 0.000028
764.60 0.000012
764.80 0.000046
765.00 0.000010
765.20 0.000008
765.40 0.000031
765.60 -0.000000
765.80 0.000036
766.00 0.000024
766.20 0.000043
766.40 0.000033
766.60 0.000027
766.80 0.000010
767.00 0.000020
767.20 0.000026
767.40 0.000013
767.60 -0.000006
767.80 0.000038
768.00 0.000041
768.20 0.000024
768.40 0.000036
768.60 0.000048
768.80 0.000002
769.00 0.000003
769.20 0.000003
769.40 0.000023
769.60 0.000027
769.80 0.000024
770.00 0.000018
770.20 0.000036
770.40 0.000020
770.60 0.000015
770.80 0.000029
771.00 0.000039
771.20 0.000011
771.40 0.000004
771.60 0.000008
771.80 0.000027
772.00 0.000036
772.20 0.000029
772.40 -0.000021
772.60 0.000018
772.80 0.000029
773.00 0.000032
773.20 0.000046
773.40 -0.000012
773.60 -0.000001
773.80 -0.000003
774.00 -0.000001
774.20 0.000017
774.40 0.000016
774.60 0.000019
774.80 0.000024
775.00 0.000017
775.20 0.000010
775.40 0.000015
775.60 -0.000004
775.80 0.000027
776.00 -0.000001
776.20 0.000010
776.40 0.000019
776.60 0.000023
776.80 0.000010
777.00 0.000008
777.20 0.000027
777.40 0.000036
777.60 0.000013
777.80 0.000011
778.00 0.000012
778.20 0.000022
778.40 0.000016
778.60 0.000015
778.80 -0.000001
779.00 0.000001
779.20 0.000016
779.40 0.000013
779.60 -0.000006
779.80 0.000029
780.00 0.000023
780.20 0.000006
780.40 0.000023
780.60 0.000008
780.80 0.000019
781.00 0.000023
781.20 0.000011
781.40 0.000022
781.60 0.000005
781.80 0.000042
782.00 -0.000003
782.20 0.000010
782.40 0.000005
782.60 0.000023
782.80 0.000023
783.00 0.000019
783.20 -0.000030
783.40 0.000004
783.60 0.000023
783.80 0.000022
784.00 -0.000012
784.20 0.000008
784.40 0.000018
784.60 -0.000004
784.80 0.000009
785.00 0.000006
785.20 0.000031
785.40 -0.000003
785.60 -0.000016
785.80 0.000010
786.00 0.000018
786.20 0.000021
786.40 0.000028
786.60 0.000024
786.80 -0.000001
787.00 0.000018
787.20 0.000016
787.40 0.000025
787.60 0.000020
787.80 0.000027
788.00 0.000008
788.20 0.000022
788.40 0.000017
788.60 -0.000003
788.80 0.000002
789.00 0.000017
789.20 0.000032
789.40 0.000036
789.60 0.000027
789.80 0.000045
790.00 0.000018
790.20 -0.000018
790.40 -0.000000
790.60 0.000013
790.80 0.000020
791.00 0.000029
791.20 0.000010
791.40 0.000023
791.60 0.000004
791.80 0.000022
792.00 0.000026
792.20 0.000015
792.40 0.000016
792.60 0.000062
792.80 0.000039
793.00 0.000009
793.20 0.000023
793.40 0.000060
793.60 0.000025
793.80 0.000016
794.00 0.000030
794.20 -0.000001
794.40 0.000041
794.60 0.000027
794.80 0.000038
795.00 0.000002
795.20 0.000018
795.40 0.000033
795.60 0.000010
795.80 0.000030
796.00 0.000026
796.20 0.000021
796.40 0.000011
796.60 0.000023
796.80 0.000027
797.00 0.000015
797.20 0.000036
797.40 0.000006
797.60 0.000034
797.80 0.000072
798.00 0.000023
798.20 0.000017
798.40 0.000004
798.60 0.000025
798.80 0.000022
799.00 0.000043
799.20 0.000059
799.40 0.000001
799.60 0.000028
799.80 0.000048
800.00 -0.000000
800.20 -0.000019
800.40 0.000033
800.60 0.000015
800.80 0.000008
801.00 0.000004
801.20 -0.000023
801.40 -0.000006
801.60 0.000008
801.80 -0.000012
802.00 0.000013
802.20 -0.000012
802.40 -0.000014
802.60 0.000008
802.80 0.000026
803.00 0.000014
803.20 0.000013
803.40 -0.000026
803.60 0.000015
803.80 0.000026
804.00 0.000005
804.20 0.000026
804.40 0.000032
804.60 0.000005
804.80 0.000023
805.00 0.000057
805.20 -0.000008
805.40 -0.000020
805.60 0.000020
805.80 0.000036
806.00 0.000026
806.20 0.000013
806.40 0.000004
806.60 0.000017
806.80 0.000010
807.00 -0.000002
807.20 0.000010
807.40 0.000005
807.60 -0.000002
807.80 -0.000011
808.00 0.000024
808.20 0.000042
808.40 0.000021
808.60 0.000034
808.80 0.000032
809.00 0.000051
809.20 0.000019
809.40 0.000068
809.60 -0.000018
809.80 0.000043
810.00 0.000065
810.20 0.000032
810.40 0.000018
810.60 -0.000039
810.80 0.000035
811.00 0.000061
811.20 0.000065
811.40 0.000045
811.60 0.000061
811.80 0.000131
812.00 0.000087
812.20 0.000043
812.40 0.000073
812.60 0.000055
812.80 0.000101
813.00 0.000105
813.20 0.000104
813.40 0.000151
813.60 0.000160
813.80 0.000222
814.00 0.000210
814.20 0.000286
814.40 0.000295
814.60 0.000248
814.80 0.000307
815.00 0.000239
815.20 0.000271
815.40 0.000281
815.60 0.000301
815.80 0.000260
816.00 0.000213
816.20 0.000254
816.40 0.000310
816.60 0.000193
816.80 0.000221
817.00 0.000142
817.20 0.000174
817.40 0.000135
817.60 0.000196
817.80 0.000089
818.00 0.000178
818.20 0.000133
818.40 0.000081
818.60 0.000139
818.80 0.000085
819.00 0.000078
819.20 0.000132
819.40 0.000101
819.60 0.000084
819.80 0.000104
820.00 0.000029
820.20 0.000068
820.40 0.000091
820.60 0.000032
820.80 0.000096
821.00 0.000054
821.20 0.000102
821.40 0.000038
821.60 0.000029
821.80 0.000008
822.00 0.000065
822.20 0.000030
822.40 0.000088
822.60 0.000026
822.80 0.000040
823.00 0.000076
823.20 0.000031
823.40 0.000033
823.60 0.000014
823.80 0.000034
824.00 0.000051
824.20 0.000041
824.40 0.000022
824.60 0.000009
824.80 0.000024
825.00 0.000089
825.20 0.000055
825.40 0.000000
825.60 -0.000011
825.80 -0.000021
826.00 0.000063
826.20 -0.000025
826.40 0.000019
826.60 0.000031
826.80 -0.000010
827.00 0.000050
827.20 0.000013
827.40 0.000032
827.60 0.000048
827.80 0.000125
828.00 0.000052
828.20 0.000047
828.40 0.000034
828.60 0.000055
828.80 0.000067
829.00 -0.000001
829.20 0.000016
829.40 0.000002
829.60 0.000003
829.80 0.000008
830.00 0.000020
830.20 0.000119
830.40 -0.000029
830.60 0.000017
830.80 0.000045
831.00 0.000045
831.20 0.000007
831.40 0.000028
831.60 0.000085
831.80 0.000052
832.00 0.000087
832.20 -0.000041
832.40 0.000027
832.60 0.000026
832.80 0.000060
833.00 0.000031
833.20 -0.000005
833.40 0.000021
833.60 0.000048
833.80 0.000005
834.00 0.000073
834.20 0.000055
834.40 0.000040
834.60 0.000032
834.80 0.000119
835.00 -0.000045
835.20 0.000011
835.40 -0.000116
835.60 0.000017
835.80 0.000038
836.00 0.000014
836.20 -0.000040
836.40 -0.000009
836.60 0.000082
836.80 -0.000044
837.00 0.000065
837.20 0.000029
837.40 0.000026
837.60 0.000000
837.80 0.000029
838.00 0.000025
838.20 0.000029
838.40 0.000052
838.60 0.000057
838.80 0.000018
839.00 0.000042
839.20 0.000034
839.40 0.000053
839.60 0.000026
839.80 -0.000012
840.00 -0.000066
840.20 0.000050
840.40 -0.000052
840.60 0.000143
840.80 0.000129
841.00 -0.000074
841.20 0.000004
841.40 0.000192
841.60 -0.000034
841.80 0.000112
842.00 0.000111
842.20 0.000046
842.40 0.000104
842.60 0.000068
842.80 0.000086
843.00 0.000088
843.20 -0.000017
843.40 0.000202
843.60 0.000122
843.80 -0.000045
844.00 0.000013
844.20 0.000035
844.40 -0.000058
844.60 0.000146
844.80 0.000039
845.00 -0.000017
845.20 -0.000013
845.40 0.000007
845.60 -0.000026
845.80 0.000061
846.00 -0.000031
846.20 0.000049
846.40 -0.000155
846.60 0.000047
846.80 0.000150
847.00 0.000066
847.20 0.000088
847.40 -0.000006
847.60 -0.000166
847.80 0.000108
848.00 -0.000059
848.20 0.000109
848.40 0.000275
848.60 0.000036
848.80 0.000196
849.00 0.000204
849.20 0.000002
849.40 0.000130
849.60 0.000171
849.80 0.000333
850.00 -0.000052
850.20 0.000230
850.40 0.000214
850.60 0.000165
850.80 0.000179
851.00 0.000278
851.20 -0.000094
851.40 0.000135
851.60 0.000325
851.80 -0.000222
852.00 0.000170
852.20 0.000137
852.40 0.000253
852.60 0.000056
852.80 0.000060
853.00 0.000212
853.20 0.000182
853.40 -0.000044
853.60 0.000112
853.80 0.000188
854.00 0.000318
854.20 0.000378
854.40 0.000245
854.60 -0.000029
854.80 0.000313
855.00 0.000270
855.20 0.000542
855.40 0.000256
855.60 0.000293
855.80 0.000377
856.00 0.000218
856.20 0.000342
856.40 0.000361
856.60 0.000499
856.80 0.000337
857.00 0.000624
857.20 0.000138
857.40 -0.000180
857.60 0.000922
857.80 0.000291
858.00 0.000288
858.20 0.000214
858.40 0.000264
858.60 0.000137
858.80 0.000054
859.00 0.000286
859.20 0.000305
859.40 0.000387
859.60 0.000562
859.80 0.000305
860.00 0.000754
860.20 -0.000071
860.40 0.000076
860.60 -0.000032
860.80 0.000563
861.00 0.000273
861.20 -0.000024
861.40 -0.000302
861.60 -0.000259
861.80 -0.000014
862.00 -0.000233
862.20 0.000700
862.40 0.000395
862.60 -0.000127
862.80 0.000178
863.00 0.000178
863.20 -0.000060
863.40 -0.000448
863.60 0.000193
863.80 -0.000699
864.00 -0.000462
864.20 0.000379
864.40 0.000084
864.60 0.000009
864.80 -0.000128
865.00 -0.000781
865.20 0.000248
865.40 0.000636
865.60 0.001038
865.80 0.001103
866.00 0.000878
866.20 0.000362
866.40 -0.000466
866.60 0.000878
866.80 0.000688
867.00 0.000105
867.20 -0.001312
867.40 0.000265
867.60 -0.000826
867.80 -0.000388
868.00 -0.000429
868.20 -0.000433
868.40 -0.000576
868.60 0.000022
868.80 -0.000079
869.00 -0.000027
869.20 0.001281
869.40 0.000936
869.60 -0.000796
869.80 0.000154
870.00 -0.000011
870.20 -0.000198
870.40 0.000528
870.60 -0.000714
870.80 -0.000871
871.00 -0.000534
871.20 -0.000039
871.40 0.000211
871.60 -0.001394
871.80 -0.000409
872.00 -0.000918
872.20 -0.000753
872.40 -0.000567
872.60 0.000146
872.80 -0.000307
873.00 0.000428
873.20 0.001814
873.40 0.000541
873.60 -0.001239
873.80 -0.001568
874.00 -0.000189
874.20 0.000315
874.40 -0.000061
874.60 0.000948
874.80 -0.000925
875.00 0.001398
875.20 0.000635
875.40 0.002407
875.60 0.000203
875.80 -0.000086
876.00 0.000362
876.20 0.001197
876.40 0.000399
876.60 -0.000300
876.80 0.000762
877.00 -0.001854
877.20 0.001038
877.40 -0.001156
877.60 -0.000061
877.80 -0.004743
878.00 -0.001200
878.20 0.000848
878.40 0.001267
878.60 0.000863
878.80 0.000253
879.00 -0.000520
879.20 -0.002483
879.40 -0.000561
879.60 0.001208
879.80 0.000681
880.00 -0.000835
880.20 -0.000770
880.40 -0.001332
880.60 -0.003396
880.80 -0.001715
881.00 0.002672
881.20 -0.000525
881.40 -0.000739
881.60 0.001236
881.80 0.000909
882.00 -0.001457
882.20 -0.000930
882.40 -0.002483
882.60 0.001717
882.80 0.000807
883.00 0.001182
883.20 0.002566
883.40 0.000518
883.60 0.000860
883.80 0.000417
884.00 0.002832
884.20 0.001367
884.40 0.001666
884.60 0.001448
884.80 -0.000688
885.00 0.000926
885.20 0.001198
885.40 0.000535
885.60 -0.002533
885.80 0.000326
886.00 0.004798
886.20 0.000692
886.40 0.000340
886.60 0.002156
886.80 -0.000399
887.00 -0.000352
887.20 -0.001104
887.40 0.000232
887.60 0.000153
887.80 -0.002082
888.00 -0.004463
888.20 -0.005809
888.40 0.000333
888.60 0.002329
888.80 -0.003093
889.00 0.003567
889.20 -0.000003
889.40 0.002554
889.60 -0.000920
889.80 0.000150
890.00 -0.003530
890.20 0.001633
890.40 -0.006293
890.60 0.004980
890.80 0.000998
891.00 0.004947
891.20 -0.002772
891.40 -0.002143
891.60 0.001107
891.80 -0.003901
892.00 0.004876
892.20 -0.005591
892.40 0.003315
892.60 0.002521
892.80 0.001864
893.00 -0.005870
893.20 -0.000061
893.40 -0.002579
893.60 -0.003656
893.80 0.000889
894.00 0.001021
894.20 -0.000870
894.40 0.001681
894.60 -0.001296
894.80 -0.003376
895.00 -0.001893
895.20 -0.002810
895.40 0.002639
895.60 -0.004419
895.80 -0.003562
896.00 0.004378
896.20 -0.006852
896.40 0.001715
896.60 -0.004043
896.80 -0.004908
897.00 0.001203
897.20 -0.003450
897.40 0.000573
897.60 -0.003743
897.80 -0.002258
898.00 0.000731
898.20 -0.004102
898.40 0.002613
898.60 -0.000914
898.80 -0.006709
899.00 -0.002939
899.20 -0.000719
899.40 0.006270
899.60 0.003760
899.80 -0.004458
900.00 0.000518
900.20 0.001167
900.40 0.001082
900.60 0.001381
900.80 0.001094
901.00 0.000453
901.20 0.000391
901.40 0.000608
901.60 0.000553
901.80 0.000774
902.00 0.000226
902.20 0.000387
902.40 0.000494
902.60 0.000619
902.80 0.000907
903.00 0.000713
903.20 0.000578
903.40 0.000850
903.60 0.000427
903.80 0.001097
904.00 0.000576
904.20 0.000260
904.40 0.000601
904.60 0.000901
904.80 0.000340
905.00 0.000731
905.20 0.000587
905.40 0.000856
905.60 0.000330
905.80 0.000427
906.00 0.000397
906.20 0.000842
906.40 0.000644
906.60 0.000785
906.80 0.000809
907.00 0.000440
907.20 0.000607
907.40 0.000508
907.60 0.000723
907.80 0.000508
908.00 0.000646
908.20 0.000712
908.40 0.000753
908.60 0.000407
908.80 0.000495
909.00 0.000469
909.20 0.000170
909.40 0.000399
909.60 0.000691
909.80 0.001002
910.00 0.000276
910.20 0.000750
910.40 0.000340
910.60 0.000694
910.80 0.000804
911.00 0.000453
911.20 0.000673
911.40 0.000580
911.60 0.000795
911.80 0.000482
912.00 0.000327
912.20 0.000266
912.40 0.000414
912.60 0.000219
912.80 0.000261
913.00 0.000879
913.20 0.000494
913.40 0.000571
913.60 0.000510
913.80 0.000403
914.00 0.000675
914.20 0.000547
914.40 0.000482
914.60 0.000356
914.80 0.000537
915.00 0.000599
915.20 0.000923
915.40 0.000385
915.60 0.000471
915.80 0.000432
916.00 0.000528
916.20 0.000688
916.40 0.000599
916.60 0.000583
916.80 0.000542
917.00 0.000474
917.20 0.000259
917.40 0.000553
917.60 0.000436
917.80 0.000434
918.00 0.000548
918.20 0.000216
918.40 0.000386
918.60 0.000463
918.80 0.000522
919.00 0.000636
919.20 0.000476
919.40 0.000454
919.60 0.000492
919.80 0.000717
920.00 0.000637
920.20 0.000657
920.40 0.000436
920.60 0.000517
920.80 0.000573
921.00 0.000660
921.20 0.000478
921.40 0.000315
921.60 0.000296
921.80 0.000383
922.00 0.000747
922.20 0.000647
922.40 0.000820
922.60 0.000428
922.80 0.000306
923.00 0.000286
923.20 0.000409
923.40 0.000303
923.60 0.000392
923.80 0.000530
924.00 0.000667
924.20 0.000609
924.40 0.000155
924.60 0.000363
924.80 0.000204
925.00 0.000346
925.20 0.000850
925.40 0.000329
925.60 0.000428
925.80 0.000353
926.00 0.000503
926.20 0.000438
926.40 0.000438
926.60 0.000355
926.80 0.000455
927.00 0.000349
927.20 0.000299
927.40 0.000480
927.60 0.000318
927.80 0.000530
928.00 0.000473
928.20 0.000580
928.40 0.000360
928.60 0.000421
928.80 0.000456
929.00 0.000409
929.20 0.000437
929.40 0.000405
929.60 0.000303
929.80 0.000190
930.00 0.000636
930.20 0.000366
930.40 0.000445
930.60 0.000586
930.80 0.000520
931.00 0.000206
931.20 0.000218
931.40 0.000529
931.60 0.000480
931.80 0.000479
932.00 0.000464
932.20 0.000571
932.40 0.000568
932.60 0.000291
932.80 0.000305
933.00 0.000275
933.20 0.000285
933.40 0.000362
933.60 0.000436
933.80 0.000525
934.00 0.000509
934.20 0.000614
934.40 0.000344
934.60 0.000445
934.80 0.000279
935.00 0.000368
935.20 0.000559
935.40 0.000412
935.60 0.000312
935.80 0.000494
936.00 0.000406
936.20 0.000537
936.40 0.000447
936.60 0.000378
936.80 0.000358
937.00 0.000386
937.20 0.000401
937.40 0.000430
937.60 0.000215
937.80 0.000226
938.00 0.000223
938.20 0.000496
938.40 0.000325
938.60 0.000422
938.80 0.000396
939.00 0.000488
939.20 0.000388
939.40 0.000236
939.60 0.000443
939.80 0.000332
940.00 0.000360
940.20 0.000371
940.40 0.000343
940.60 0.000423
940.80 0.000447
941.00 0.000497
941.20 0.000257
941.40 0.000084
941.60 0.000352
941.80 0.000363
942.00 0.000121
942.20 0.000452
942.40 0.000344
942.60 0.000331
942.80 0.000242
943.00 0.000412
943.20 0.000529
943.40 0.000420
943.60 0.000224
943.80 0.000300
944.00 0.000388
944.20 0.000375
944.40 0.000546
944.60 0.000272
944.80 0.000324
945.00 0.000204
945.20 0.000332
945.40 0.000257
945.60 0.000154
945.80 0.000650
946.00 0.000151
946.20 0.000276
946.40 0.000238
946.60 0.000290
946.80 0.000375
947.00 0.000189
947.20 0.000337
947.40 0.000497
947.60 0.000385
947.80 0.000509
948.00 0.000479
948.20 0.000122
948.40 0.000220
948.60 0.000244
948.80 0.000294
949.00 0.000279
949.20 0.000474
949.40 0.000390
949.60 0.000096
949.80 0.000159
950.00 0.000372
950.20 0.000277
950.40 0.000319
950.60 0.000071
950.80 0.000249
951.00 0.000273
951.20 0.000486
951.40 0.000083
951.60 0.000272
951.80 0.000221
952.00 0.000290
952.20 0.000431
952.40 0.000256
952.60 0.000235
952.80 0.000407
953.00 0.000391
953.20 0.000139
953.40 0.000335
953.60 0.000445
953.80 0.000422
954.00 0.000194
954.20 0.000170
954.40 0.000328
954.60 0.000169
954.80 0.000455
955.00 0.000227
955.20 0.000237
955.40 0.000042
955.60 0.000323
955.80 0.000168
956.00 0.000337
956.20 0.000224
956.40 0.000221
956.60 0.000189
956.80 0.000131
957.00 0.000197
957.20 0.000154
957.40 0.000274
957.60 0.000407
957.80 0.000318
958.00 0.000150
958.20 0.000212
958.40 0.000337
958.60 0.000153
958.80 0.000410
959.00 0.000271
959.20 0.000279
959.40 0.000300
959.60 0.000212
959.80 0.000428
960.00 0.000266
960.20 0.000256
960.40 0.000275
960.60 0.000200
960.80 0.000178
961.00 0.000124
961.20 0.000377
961.40 0.000420
961.60 0.000337
961.80 0.000220
962.00 0.000152
962.20 0.000144
962.40 0.000321
962.60 0.000260
962.80 0.000216
963.00 0.000259
963.20 0.000278
963.40 0.000278
963.60 0.000204
963.80 0.000224
964.00 0.000150
964.20 0.000040
964.40 0.000225
964.60 0.000335
964.80 0.000307
965.00 0.000255
965.20 0.000270
965.40 0.000231
965.60 0.000222
965.80 0.000301
966.00 0.000373
966.20 0.000290
966.40 0.000208
966.60 0.000198
966.80 0.000249
967.00 0.000407
967.20 0.000387
967.40 0.000344
967.60 0.000176
967.80 0.000099
968.00 0.000227
968.20 0.000275
968.40 0.000321
968.60 0.000281
968.80 0.000303
969.00 0.000400
969.20 0.000281
969.40 -0.000010
969.60 0.000290
969.80 0.000297
970.00 0.000173
970.20 0.000241
970.40 0.000347
970.60 0.000213
970.80 0.000334
971.00 0.000066
971.20 0.000267
971.40 0.000151
971.60 0.000160
971.80 0.000352
972.00 0.000448
972.20 0.000294
972.40 0.000245
972.60 0.000007
972.80 0.000101
973.00 0.000289
973.20 0.000282
973.40 0.000281
973.60 0.000243
973.80 0.000371
974.00 0.000212
974.20 0.000248
974.40 0.000379
974.60 0.000278
974.80 0.000286
975.00 0.000228
975.20 0.000238
975.40 0.000356
975.60 0.000256
975.80 0.000191
976.00 0.000071
976.20 0.000027
976.40 0.000245
976.60 0.000317
976.80 0.000289
977.00 0.000189
977.20 0.000197
977.40 0.000206
977.60 0.000225
977.80 0.000134
978.00 0.000295
978.20 0.000241
978.40 0.000340
978.60 0.000294
978.80 0.000300
979.00 0.000211
979.20 0.000238
979.40 0.000308
979.60 0.000211
979.80 0.000220
980.00 0.000236
980.20 0.000351
980.40 0.000253
980.60 0.000217
980.80 0.000279
981.00 0.000251
981.20 0.000270
981.40 0.000207
981.60 0.000435
981.80 0.000379
982.00 0.000222
982.20 0.000230
982.40 0.000050
982.60 0.000155
982.80 0.000310
983.00 0.000239
983.20 0.000280
983.40 0.000433
983.60 0.000169
983.80 0.000137
984.00 0.000135
984.20 0.000145
984.40 0.000185
984.60 0.000319
984.80 0.000183
985.00 0.000192
985.20 0.000227
985.40 0.000291
985.60 0.000349
985.80 0.000233
986.00 0.000158
986.20 0.000165
986.40 0.000122
986.60 0.000223
986.80 0.000221
987.00 0.000196
987.20 0.000221
987.40 0.000288
987.60 0.000163
987.80 0.000188
988.00 0.000253
988.20 0.000153
988.40 0.000226
988.60 0.000152
988.80 0.000178
989.00 0.000291
989.20 0.000315
989.40 0.000226
989.60 0.000225
989.80 0.000233
990.00 0.000223
990.20 0.000103
990.40 0.000150
990.60 0.000215
990.80 0.000311
991.00 0.000303
991.20 0.000381
991.40 0.000290
991.60 0.000180
991.80 0.000092
992.00 0.000227
992.20 0.000156
992.40 0.000401
992.60 0.000305
992.80 0.000170
993.00 0.000247
993.20 0.000114
993.40 0.000208
993.60 0.000217
993.80 0.000248
994.00 0.000193
994.20 0.000206
994.40 0.000152
994.60 0.000099
994.80 0.000235
995.00 0.000259
995.20 0.000113
995.40 0.000190
995.60 0.000281
995.80 0.000159
996.00 0.000209
996.20 0.000203
996.40 0.000279
996.60 0.000240
996.80 0.000316
997.00 0.000361
997.20 0.000171
997.40 0.000214
997.60 0.000043
997.80 0.000269
998.00 0.000229
998.20 0.000197
998.40 0.000176
998.60 0.000309
998.80 0.000265
999.00 0.000249
999.20 0.000034
999.40 0.000146
999.60 0.000220
999.80 0.000285
1000.00 0.000247
1000.20 0.000108
1000.40 0.000136
1000.60 0.000201
1000.80 0.000318
1001.00 0.000216
1001.20 0.000151
1001.40 0.000143
1001.60 0.000193
1001.80 0.000293
1002.00 0.000278
1002.20 0.000177
1002.40 0.000279
1002.60 0.000256
1002.80 0.000169
1003.00 0.000212
1003.20 0.000169
1003.40 0.000239
1003.60 0.000339
1003.80 0.000196
1004.00 0.000202
1004.20 0.000174
1004.40 0.000238
1004.60 0.000230
1004.80 0.000109
1005.00 0.000159
1005.20 0.000241
1005.40 0.000221
1005.60 0.000229
1005.80 0.000207
1006.00 0.000332
1006.20 0.000282
1006.40 0.000121
1006.60 0.000213
1006.80 0.000136
1007.00 0.000218
1007.20 0.000202
1007.40 0.000210
1007.60 0.000300
1007.80 0.000231
1008.00 0.000259
1008.20 0.000292
1008.40 0.000148
1008.60 0.000208
1008.80 0.000283
1009.00 0.000342
1009.20 0.000133
1009.40 0.000221
1009.60 0.000235
1009.80 0.000247
1010.00 0.000231
1010.20 0.000291
1010.40 0.000163
1010.60 0.000198
1010.80 0.000239
1011.00 0.000253
1011.20 0.000285
1011.40 0.000244
1011.60 0.000304
1011.80 0.000223
1012.00 0.000257
1012.20 0.000361
1012.40 0.000206
1012.60 0.000227
1012.80 0.000222
1013.00 0.000156
1013.20 0.000260
1013.40 0.000254
1013.60 0.000253
1013.80 0.000213
1014.00 0.000173
1014.20 0.000213
1014.40 0.000265
1014.60 0.000264
1014.80 0.000198
1015.00 0.000250
1015.20 0.000243
1015.40 0.000171
1015.60 0.000238
1015.80 0.000216
1016.00 0.000157
1016.20 0.000138
1016.40 0.000317
1016.60 0.000215
1016.80 0.000182
1017.00 0.000216
1017.20 0.000221
1017.40 0.000132
1017.60 0.000220
1017.80 0.000181
1018.00 0.000214
1018.20 0.000207
1018.40 0.000243
1018.60 0.000224
1018.80 0.000172
1019.00 0.000318
1019.20 0.000261
1019.40 0.000222
1019.60 0.000242
1019.80 0.000202
1020.00 0.000178
1020.20 0.000228
1020.40 0.000271
1020.60 0.000283
1020.80 0.000259
1021.00 0.000289
1021.20 0.000220
1021.40 0.000307
1021.60 0.000257
1021.80 0.000163
1022.00 0.000219
1022.20 0.000287
1022.40 0.000224
1022.60 0.000287
1022.80 0.000211
1023.00 0.000210
1023.20 0.000254
1023.40 0.000290
1023.60 0.000199
1023.80 0.000216
1024.00 0.000273
1024.20 0.000324
1024.40 0.000324
1024.60 0.000251
1024.80 0.000274
1025.00 0.000202
1025.20 0.000190
1025.40 0.000252
1025.60 0.000232
1025.80 0.000346
1026.00 0.000213
1026.20 0.000183
1026.40 0.000248
1026.60 0.000230
1026.80 0.000260
1027.00 0.000283
1027.20 0.000307
1027.40 0.000193
1027.60 0.000239
1027.80 0.000265
1028.00 0.000322
1028.20 0.000293
1028.40 0.000221
1028.60 0.000297
1028.80 0.000376
1029.00 0.000199
1029.20 0.000287
1029.40 0.000328
1029.60 0.000302
1029.80 0.000237
1030.00 0.000278
1030.20 0.000250
1030.40 0.000307
1030.60 0.000377
1030.80 0.000277
1031.00 0.000271
1031.20 0.000310
1031.40 0.000206
1031.60 0.000194
1031.80 0.000216
1032.00 0.000286
1032.20 0.000291
1032.40 0.000263
1032.60 0.000280
1032.80 0.000313
1033.00 0.000296
1033.20 0.000209
1033.40 0.000210
1033.60 0.000191
1033.80 0.000307
1034.00 0.000303
1034.20 0.000328
1034.40 0.000277
1034.60 0.000351
1034.80 0.000214
1035.00 0.000167
1035.20 0.000248
1035.40 0.000296
1035.60 0.000406
1035.80 0.000275
1036.00 0.000219
1036.20 0.000319
1036.40 0.000262
1036.60 0.000251
1036.80 0.000324
1037.00 0.000245
1037.20 0.000250
1037.40 0.000240
1037.60 0.000333
1037.80 0.000322
1038.00 0.000399
1038.20 0.000332
1038.40 0.000305
1038.60 0.000339
1038.80 0.000327
1039.00 0.000281
1039.20 0.000308
1039.40 0.000335
1039.60 0.000331
1039.80 0.000360
1040.00 0.000192
1040.20 0.000186
1040.40 0.000220
1040.60 0.000219
1040.80 0.000285
1041.00 0.000326
1041.20 0.000284
1041.40 0.000295
1041.60 0.000250
1041.80 0.000273
1042.00 0.000290
1042.20 0.000289
1042.40 0.000341
1042.60 0.000374
1042.80 0.000178
1043.00 0.000227
1043.20 0.000228
1043.40 0.000356
1043.60 0.000361
1043.80 0.000363
1044.00 0.000330
1044.20 0.000346
1044.40 0.000414
1044.60 0.000341
1044.80 0.000340
1045.00 0.000292
1045.20 0.000260
1045.40 0.000375
1045.60 0.000283
1045.80 0.000359
1046.00 0.000252
1046.20 0.000313
1046.40 0.000339
1046.60 0.000341
1046.80 0.000329
1047.00 0.000269
1047.20 0.000318
1047.40 0.000272
1047.60 0.000389
1047.80 0.000325
1048.00 0.000430
1048.20 0.000413
1048.40 0.000353
1048.60 0.000359
1048.80 0.000300
1049.00 0.000384
1049.20 0.000315
1049.40 0.000380
1049.60 0.000361
1049.80 0.000434
1050.00 0.000373
1050.20 0.000334
1050.40 0.000303
1050.60 0.000357
1050.80 0.000413
1051.00 0.000305
1051.20 0.000399
1051.40 0.000375
1051.60 0.000387
1051.80 0.000380
1052.00 0.000381
1052.20 0.000322
1052.40 0.000416
1052.60 0.000260
1052.80 0.000402
1053.00 0.000400
1053.20 0.000398
1053.40 0.000442
1053.60 0.000423
1053.80 0.000371
1054.00 0.000336
1054.20 0.000420
1054.40 0.000357
1054.60 0.000330
1054.80 0.000438
1055.00 0.000385
1055.20 0.000346
1055.40 0.000346
1055.60 0.000339
1055.80 0.000382
1056.00 0.000389
1056.20 0.000430
1056.40 0.000379
1056.60 0.000385
1056.80 0.000414
1057.00 0.000377
1057.20 0.000342
1057.40 0.000403
1057.60 0.000393
1057.80 0.000420
1058.00 0.000402
1058.20 0.000359
1058.40 0.000449
1058.60 0.000494
1058.80 0.000456
1059.00 0.000492
1059.20 0.000457
1059.40 0.000395
1059.60 0.000435
1059.80 0.000424
1060.00 0.000469
1060.20 0.000390
1060.40 0.000441
1060.60 0.000394
1060.80 0.000456
1061.00 0.000433
1061.20 0.000429
1061.40 0.000399
1061.60 0.000419
1061.80 0.000441
1062.00 0.000489
1062.20 0.000420
1062.40 0.000470
1062.60 0.000464
1062.80 0.000546
1063.00 0.000464
1063.20 0.000463
1063.40 0.000447
1063.60 0.000498
1063.80 0.000545
1064.00 0.000497
1064.20 0.000544
1064.40 0.000388
1064.60 0.000431
1064.80 0.000471
1065.00 0.000508
1065.20 0.000516
1065.40 0.000518
1065.60 0.000535
1065.80 0.000568
1066.00 0.000453
1066.20 0.000473
1066.40 0.000580
1066.60 0.000563
1066.80 0.000560
1067.00 0.000566
1067.20 0.000418
1067.40 0.000512
1067.60 0.000573
1067.80 0.000552
1068.00 0.000578
1068.20 0.000577
1068.40 0.000508
1068.60 0.000596
1068.80 0.000565
1069.00 0.000450
1069.20 0.000498
1069.40 0.000524
1069.60 0.000534
1069.80 0.000602
1070.00 0.000567
1070.20 0.000579
1070.40 0.000597
1070.60 0.000587
1070.80 0.000627
1071.00 0.000589
1071.20 0.000578
1071.40 0.000671
1071.60 0.000606
1071.80 0.000711
1072.00 0.000666
1072.20 0.000626
1072.40 0.000569
1072.60 0.000718
1072.80 0.000676
1073.00 0.000624
1073.20 0.000649
1073.40 0.000619
1073.60 0.000649
1073.80 0.000722
1074.00 0.000763
1074.20 0.000704
1074.40 0.000725
1074.60 0.000605
1074.80 0.000617
1075.00 0.000711
1075.20 0.000663
1075.40 0.000703
1075.60 0.000681
1075.80 0.000774
1076.00 0.000693
1076.20 0.000674
1076.40 0.000658
1076.60 0.000694
1076.80 0.000833
1077.00 0.000724
1077.20 0.000747
1077.40 0.000846
1077.60 0.000752
1077.80 0.000770
1078.00 0.000785
1078.20 0.000868
1078.40 0.000853
1078.60 0.000798
1078.80 0.000748
1079.00 0.000798
1079.20 0.000880
1079.40 0.000866
1079.60 0.000802
1079.80 0.000862
1080.00 0.000869
1080.20 0.000788
1080.40 0.000846
1080.60 0.000842
1080.80 0.000896
1081.00 0.001001
1081.20 0.000945
1081.40 0.000877
1081.60 0.000848
1081.80 0.000882
1082.00 0.000913
1082.20 0.000938
1082.40 0.001035
1082.60 0.000943
1082.80 0.000944
1083.00 0.000954
1083.20 0.000939
1083.40 0.001030
1083.60 0.001003
1083.80 0.001047
1084.00 0.001043
1084.20 0.000958
1084.40 0.001033
1084.60 0.001134
1084.80 0.001067
1085.00 0.001065
1085.20 0.001009
1085.40 0.001048
1085.60 0.001133
1085.80 0.001188
1086.00 0.001131
1086.20 0.001197
1086.40 0.001102
1086.60 0.001147
1086.80 0.001170
1087.00 0.001162
1087.20 0.001175
1087.40 0.001204
1087.60 0.001166
1087.80 0.001167
1088.00 0.001263
1088.20 0.001230
1088.40 0.001291
1088.60 0.001321
1088.80 0.001327
1089.00 0.001208
1089.20 0.001243
1089.40 0.001345
1089.60 0.001343
1089.80 0.001369
1090.00 0.001350
1090.20 0.001402
1090.40 0.001424
1090.60 0.001395
1090.80 0.001328
1091.00 0.001393
1091.20 0.001405
1091.40 0.001448
1091.60 0.001568
1091.80 0.001481
1092.00 0.001481
1092.20 0.001531
1092.40 0.001508
1092.60 0.001520
1092.80 0.001608
1093.00 0.001618
1093.20 0.001645
1093.40 0.001589
1093.60 0.001625
1093.80 0.001627
1094.00 0.001686
1094.20 0.001664
1094.40 0.001700
1094.60 0.001799
1094.80 0.001829
1095.00 0.001769
1095.20 0.001784
1095.40 0.001871
1095.60 0.001895
1095.80 0.001853
1096.00 0.001885
1096.20 0.001934
1096.40 0.001850
1096.60 0.001893
1096.80 0.001938
1097.00 0.002028
1097.20 0.002054
1097.40 0.002136
1097.60 0.002068
1097.80 0.002101
1098.00 0.002104
1098.20 0.002036
1098.40 0.002166
1098.60 0.002281
1098.80 0.002270
1099.00 0.002221
1099.20 0.002304
1099.40 0.002213
1099.60 0.002134
1099.80 0.002013
1100.00 0.001857
