200.00 0.000082
200.50 0.000101
201.00 0.000090
201.50 0.000089
202.00 0.000073
202.50 0.000089
203.00 0.000071
203.50 0.000098
204.00 0.000081
204.50 0.000072
205.00 0.000079
205.50 0.000104
206.00 0.000077
206.50 0.000074
207.00 0.000070
207.50 0.000083
208.00 0.000072
208.50 0.000070
209.00 0.000068
209.50 0.000073
210.00 0.000052
210.50 0.000060
211.00 0.000069
211.50 0.000066
212.00 0.000069
212.50 0.000063
213.00 0.000065
213.50 0.000065
214.00 0.000071
214.50 0.000067
215.00 0.000056
215.50 0.000065
216.00 0.000069
216.50 0.000056
217.00 0.000071
217.50 0.000076
218.00 0.000064
218.50 0.000055
219.00 0.000072
219.50 0.000068
220.00 0.000065
220.50 0.000044
221.00 0.000071
221.50 0.000062
222.00 0.000072
222.50 0.000075
223.00 0.000067
223.50 0.000063
224.00 0.000062
224.50 0.000042
225.00 0.000076
225.50 0.000074
226.00 0.000060
226.50 0.000064
227.00 0.000076
227.50 0.000045
228.00 0.000066
228.50 0.000067
229.00 0.000072
229.50 0.000061
230.00 0.000074
230.50 0.000063
231.00 0.000072
231.50 0.000068
232.00 0.000061
232.50 0.000078
233.00 0.000075
233.50 0.000063
234.00 0.000075
234.50 0.000062
235.00 0.000082
235.50 0.000056
236.00 0.000075
236.50 0.000072
237.00 0.000064
237.50 0.000070
238.00 0.000071
238.50 0.000089
239.00 0.000074
239.50 0.000067
240.00 0.000068
240.50 0.000071
241.00 0.000084
241.50 0.000081
242.00 0.000078
242.50 0.000087
243.00 0.000073
243.50 0.000077
244.00 0.000076
244.50 0.000071
245.00 0.000085
245.50 0.000093
246.00 0.000080
246.50 0.000074
247.00 0.000078
247.50 0.000089
248.00 0.000077
248.50 0.000076
249.00 0.000067
249.50 0.000079
250.00 0.000064
250.50 0.000068
251.00 0.000071
251.50 0.000073
252.00 0.000075
252.50 0.000065
253.00 0.000066
253.50 0.000068
254.00 0.000075
254.50 0.000079
255.00 0.000069
255.50 0.000086
256.00 0.000073
256.50 0.000081
257.00 0.000073
257.50 0.000084
258.00 0.000086
258.50 0.000073
259.00 0.000078
259.50 0.000080
260.00 0.000068
260.50 0.000080
261.00 0.000075
261.50 0.000069
262.00 0.000093
262.50 0.000073
263.00 0.000055
263.50 0.000084
264.00 0.000085
264.50 0.000058
265.00 0.000066
265.50 0.000079
266.00 0.000077
266.50 0.000063
267.00 0.000075
267.50 0.000068
268.00 0.000069
268.50 0.000070
269.00 0.000080
269.50 0.000074
270.00 0.000069
270.50 0.000070
271.00 0.000059
271.50 0.000077
272.00 0.000071
272.50 0.000058
273.00 0.000072
273.50 0.000066
274.00 0.000062
274.50 0.000064
275.00 0.000083
275.50 0.000055
276.00 0.000068
276.50 0.000071
277.00 0.000096
277.50 0.000083
278.00 0.000094
278.50 0.000084
279.00 0.000090
279.50 0.000096
280.00 0.000108
280.50 0.000108
281.00 0.000107
281.50 0.000112
282.00 0.000127
282.50 0.000120
283.00 0.000145
283.50 0.000128
284.00 0.000143
284.50 0.000154
285.00 0.000165
285.50 0.000159
286.00 0.000191
286.50 0.000187
287.00 0.000167
287.50 0.000169
288.00 0.000145
288.50 0.000147
289.00 0.000139
289.50 0.000140
290.00 0.000128
290.50 0.000142
291.00 0.000116
291.50 0.000118
292.00 0.000097
292.50 0.000085
293.00 0.000068
293.50 0.000086
294.00 0.000083
294.50 0.000092
295.00 0.000095
295.50 0.000099
296.00 0.000120
296.50 0.000151
297.00 0.000163
297.50 0.000175
298.00 0.000194
298.50 0.000210
299.00 0.000223
299.50 0.000243
300.00 0.000221
300.50 0.000233
301.00 0.000237
301.50 0.000244
302.00 0.000274
302.50 0.000249
303.00 0.000303
303.50 0.000278
304.00 0.000284
304.50 0.000274
305.00 0.000285
305.50 0.000296
306.00 0.000309
306.50 0.000303
307.00 0.000325
307.50 0.000321
308.00 0.000353
308.50 0.000379
309.00 0.000418
309.50 0.000432
310.00 0.000460
310.50 0.000496
311.00 0.000532
311.50 0.000591
312.00 0.000640
312.50 0.000697
313.00 0.000775
313.50 0.000862
314.00 0.000979
314.50 0.001087
315.00 0.001229
315.50 0.001389
316.00 0.001544
316.50 0.001760
317.00 0.002081
317.50 0.002410
318.00 0.002839
318.50 0.003370
319.00 0.003969
319.50 0.004832
320.00 0.005743
320.50 0.007078
321.00 0.008479
321.50 0.010471
322.00 0.013053
322.50 0.016249
323.00 0.020353
323.50 0.025719
324.00 0.033142
324.50 0.042544
325.00 0.055230
325.50 0.072642
326.00 0.096667
326.50 0.130083
327.00 0.177261
327.50 0.243575
328.00 0.340598
328.50 0.479283
329.00 0.682811
329.50 1.004489
330.00 1.488046
330.50 2.243517
331.00 3.443885
331.50 5.259838
332.00 8.129337
332.50 12.453215
333.00 18.407362
333.50 26.522011
334.00 35.901470
334.50 46.017715
335.00 55.645191
335.50 63.600265
336.00 69.587685
336.50 73.533401
337.00 75.130875
337.50 75.910889
338.00 75.946915
338.50 76.039597
339.00 75.742531
339.50 75.924545
340.00 76.129280
340.50 76.467758
341.00 76.376839
341.50 76.914040
342.00 76.952400
342.50 76.828117
343.00 76.541504
343.50 76.413383
344.00 76.199799
344.50 76.128952
345.00 75.816460
345.50 75.759743
346.00 75.672325
346.50 75.528877
347.00 75.319115
347.50 75.496010
348.00 75.538017
348.50 75.118599
349.00 75.189362
349.50 74.436760
350.00 73.863892
350.50 73.681068
351.00 73.125092
351.50 72.664101
352.00 72.499031
352.50 72.374115
353.00 72.222328
353.50 71.941444
354.00 71.608711
354.50 71.062996
355.00 70.721092
355.50 70.169029
356.00 69.294754
356.50 68.591980
357.00 67.779381
357.50 67.234703
358.00 66.411003
358.50 65.753380
359.00 65.190453
359.50 64.447556
360.00 64.028419
360.50 63.313656
361.00 62.949669
361.50 62.369217
362.00 61.649715
362.50 61.222172
363.00 60.324783
363.50 59.532501
364.00 58.300381
364.50 56.534309
365.00 54.001175
365.50 50.551468
366.00 45.971291
366.50 40.735134
367.00 34.650131
367.50 28.393665
368.00 22.524300
368.50 17.216892
369.00 12.856361
369.50 9.471978
370.00 6.825651
370.50 4.912383
371.00 3.492560
371.50 2.494150
372.00 1.794367
372.50 1.300900
373.00 0.952622
373.50 0.696736
374.00 0.513053
374.50 0.381187
375.00 0.283594
375.50 0.212693
376.00 0.159483
376.50 0.118480
377.00 0.088748
377.50 0.065581
378.00 0.048697
378.50 0.036345
379.00 0.026925
379.50 0.019750
380.00 0.014548
380.50 0.010682
381.00 0.008002
381.50 0.005828
382.00 0.004387
382.50 0.003225
383.00 0.002439
383.50 0.001842
384.00 0.001382
384.50 0.001031
385.00 0.000817
385.50 0.000607
386.00 0.000470
386.50 0.000358
387.00 0.000283
387.50 0.000220
388.00 0.000183
388.50 0.000145
389.00 0.000127
389.50 0.000122
390.00 0.000110
390.50 0.000087
391.00 0.000106
391.50 0.000096
392.00 0.000084
392.50 0.000082
393.00 0.000088
393.50 0.000089
394.00 0.000081
394.50 0.000083
395.00 0.000098
395.50 0.000095
396.00 0.000081
396.50 0.000066
397.00 0.000070
397.50 0.000084
398.00 0.000085
398.50 0.000095
399.00 0.000077
399.50 0.000079
400.00 0.000078
400.50 0.000068
401.00 0.000078
401.50 0.000094
402.00 0.000104
402.50 0.000095
403.00 0.000078
403.50 0.000085
404.00 0.000081
404.50 0.000064
405.00 0.000096
405.50 0.000085
406.00 0.000080
406.50 0.000089
407.00 0.000090
407.50 0.000096
408.00 0.000092
408.50 0.000093
409.00 0.000086
409.50 0.000088
410.00 0.000097
410.50 0.000072
411.00 0.000079
411.50 0.000073
412.00 0.000084
412.50 0.000083
413.00 0.000091
413.50 0.000084
414.00 0.000098
414.50 0.000094
415.00 0.000074
415.50 0.000087
416.00 0.000088
416.50 0.000082
417.00 0.000078
417.50 0.000073
418.00 0.000093
418.50 0.000085
419.00 0.000085
419.50 0.000097
420.00 0.000079
420.50 0.000077
421.00 0.000079
421.50 0.000073
422.00 0.000073
422.50 0.000100
423.00 0.000081
423.50 0.000073
424.00 0.000083
424.50 0.000088
425.00 0.000094
425.50 0.000082
426.00 0.000087
426.50 0.000084
427.00 0.000100
427.50 0.000086
428.00 0.000081
428.50 0.000092
429.00 0.000102
429.50 0.000082
430.00 0.000097
430.50 0.000108
431.00 0.000072
431.50 0.000074
432.00 0.000099
432.50 0.000092
433.00 0.000086
433.50 0.000084
434.00 0.000096
434.50 0.000092
435.00 0.000087
435.50 0.000084
436.00 0.000097
436.50 0.000102
437.00 0.000088
437.50 0.000092
438.00 0.000110
438.50 0.000098
439.00 0.000091
439.50 0.000088
440.00 0.000098
440.50 0.000086
441.00 0.000087
441.50 0.000100
442.00 0.000096
442.50 0.000091
443.00 0.000087
443.50 0.000081
444.00 0.000124
444.50 0.000093
445.00 0.000091
445.50 0.000095
446.00 0.000113
446.50 0.000095
447.00 0.000101
447.50 0.000082
448.00 0.000102
448.50 0.000108
449.00 0.000083
449.50 0.000089
450.00 0.000096
450.50 0.000080
451.00 0.000082
451.50 0.000101
452.00 0.000104
452.50 0.000094
453.00 0.000087
453.50 0.000107
454.00 0.000095
454.50 0.000115
455.00 0.000101
455.50 0.000071
456.00 0.000089
456.50 0.000092
457.00 0.000088
457.50 0.000092
458.00 0.000099
458.50 0.000104
459.00 0.000104
459.50 0.000097
460.00 0.000097
460.50 0.000105
461.00 0.000102
461.50 0.000079
462.00 0.000087
462.50 0.000092
463.00 0.000089
463.50 0.000077
464.00 0.000080
464.50 0.000096
465.00 0.000095
465.50 0.000078
466.00 0.000101
466.50 0.000086
467.00 0.000099
467.50 0.000084
468.00 0.000091
468.50 0.000074
469.00 0.000080
469.50 0.000071
470.00 0.000091
470.50 0.000076
471.00 0.000093
471.50 0.000092
472.00 0.000081
472.50 0.000071
473.00 0.000084
473.50 0.000081
474.00 0.000089
474.50 0.000086
475.00 0.000092
475.50 0.000106
476.00 0.000080
476.50 0.000097
477.00 0.000090
477.50 0.000084
478.00 0.000086
478.50 0.000081
479.00 0.000107
479.50 0.000096
480.00 0.000083
480.50 0.000085
481.00 0.000084
481.50 0.000090
482.00 0.000090
482.50 0.000086
483.00 0.000090
483.50 0.000075
484.00 0.000077
484.50 0.000080
485.00 0.000084
485.50 0.000102
486.00 0.000098
486.50 0.000071
487.00 0.000083
487.50 0.000095
488.00 0.000085
488.50 0.000081
489.00 0.000094
489.50 0.000095
490.00 0.000104
490.50 0.000104
491.00 0.000079
491.50 0.000085
492.00 0.000085
492.50 0.000086
493.00 0.000098
493.50 0.000099
494.00 0.000088
494.50 0.000088
495.00 0.000096
495.50 0.000095
496.00 0.000067
496.50 0.000087
497.00 0.000075
497.50 0.000081
498.00 0.000088
498.50 0.000098
499.00 0.000095
499.50 0.000107
500.00 0.000085
500.50 0.000081
501.00 0.000081
501.50 0.000091
502.00 0.000094
502.50 0.000096
503.00 0.000089
503.50 0.000099
504.00 0.000097
504.50 0.000088
505.00 0.000092
505.50 0.000085
506.00 0.000102
506.50 0.000089
507.00 0.000102
507.50 0.000087
508.00 0.000090
508.50 0.000103
509.00 0.000090
509.50 0.000108
510.00 0.000091
510.50 0.000094
511.00 0.000100
511.50 0.000101
512.00 0.000091
512.50 0.000095
513.00 0.000087
513.50 0.000103
514.00 0.000096
514.50 0.000083
515.00 0.000086
515.50 0.000070
516.00 0.000086
516.50 0.000098
517.00 0.000087
517.50 0.000084
518.00 0.000107
518.50 0.000088
519.00 0.000072
519.50 0.000076
520.00 0.000068
520.50 0.000074
521.00 0.000092
521.50 0.000075
522.00 0.000084
522.50 0.000074
523.00 0.000082
523.50 0.000074
524.00 0.000079
524.50 0.000067
525.00 0.000079
525.50 0.000084
526.00 0.000090
526.50 0.000069
527.00 0.000073
527.50 0.000080
528.00 0.000094
528.50 0.000089
529.00 0.000086
529.50 0.000070
530.00 0.000080
530.50 0.000082
531.00 0.000068
531.50 0.000086
532.00 0.000062
532.50 0.000060
533.00 0.000069
533.50 0.000084
534.00 0.000075
534.50 0.000068
535.00 0.000102
535.50 0.000085
536.00 0.000076
536.50 0.000088
537.00 0.000064
537.50 0.000084
538.00 0.000073
538.50 0.000073
539.00 0.000092
539.50 0.000072
540.00 0.000086
540.50 0.000084
541.00 0.000078
541.50 0.000058
542.00 0.000082
542.50 0.000072
543.00 0.000072
543.50 0.000066
544.00 0.000079
544.50 0.000087
545.00 0.000081
545.50 0.000076
546.00 0.000076
546.50 0.000085
547.00 0.000083
547.50 0.000069
548.00 0.000075
548.50 0.000061
549.00 0.000074
549.50 0.000077
550.00 0.000073
550.50 0.000071
551.00 0.000075
551.50 0.000081
552.00 0.000082
552.50 0.000098
553.00 0.000100
553.50 0.000084
554.00 0.000090
554.50 0.000092
555.00 0.000074
555.50 0.000087
556.00 0.000089
556.50 0.000082
557.00 0.000079
557.50 0.000078
558.00 0.000096
558.50 0.000067
559.00 0.000083
559.50 0.000084
560.00 0.000083
560.50 0.000067
561.00 0.000077
561.50 0.000082
562.00 0.000084
562.50 0.000085
563.00 0.000064
563.50 0.000077
564.00 0.000066
564.50 0.000076
565.00 0.000087
565.50 0.000076
566.00 0.000070
566.50 0.000094
567.00 0.000096
567.50 0.000074
568.00 0.000082
568.50 0.000074
569.00 0.000078
569.50 0.000082
570.00 0.000080
570.50 0.000087
571.00 0.000081
571.50 0.000082
572.00 0.000059
572.50 0.000081
573.00 0.000069
573.50 0.000068
574.00 0.000070
574.50 0.000070
575.00 0.000057
575.50 0.000056
576.00 0.000066
576.50 0.000038
577.00 0.000062
577.50 0.000067
578.00 0.000043
578.50 0.000073
579.00 0.000064
579.50 0.000044
580.00 0.000053
580.50 0.000067
581.00 0.000069
581.50 0.000056
582.00 0.000081
582.50 0.000058
583.00 0.000062
583.50 0.000072
584.00 0.000055
584.50 0.000070
585.00 0.000079
585.50 0.000059
586.00 0.000066
586.50 0.000064
587.00 0.000074
587.50 0.000082
588.00 0.000083
588.50 0.000071
589.00 0.000071
589.50 0.000066
590.00 0.000053
590.50 0.000074
591.00 0.000092
591.50 0.000059
592.00 0.000076
592.50 0.000071
593.00 0.000083
593.50 0.000073
594.00 0.000058
594.50 0.000081
595.00 0.000055
595.50 0.000058
596.00 0.000062
596.50 0.000079
597.00 0.000060
597.50 0.000069
598.00 0.000058
598.50 0.000060
599.00 0.000069
599.50 0.000060
600.00 0.000080
600.50 0.000067
601.00 0.000073
601.50 0.000070
602.00 0.000083
602.50 0.000077
603.00 0.000067
603.50 0.000070
604.00 0.000061
604.50 0.000069
605.00 0.000075
605.50 0.000063
606.00 0.000067
606.50 0.000052
607.00 0.000066
607.50 0.000065
608.00 0.000068
608.50 0.000061
609.00 0.000055
609.50 0.000057
610.00 0.000074
610.50 0.000068
611.00 0.000070
611.50 0.000068
612.00 0.000062
612.50 0.000071
613.00 0.000058
613.50 0.000060
614.00 0.000062
614.50 0.000068
615.00 0.000061
615.50 0.000075
616.00 0.000063
616.50 0.000085
617.00 0.000061
617.50 0.000049
618.00 0.000068
618.50 0.000060
619.00 0.000061
619.50 0.000073
620.00 0.000063
620.50 0.000064
621.00 0.000067
621.50 0.000073
622.00 0.000063
622.50 0.000074
623.00 0.000049
623.50 0.000066
624.00 0.000058
624.50 0.000067
625.00 0.000063
625.50 0.000055
626.00 0.000054
626.50 0.000055
627.00 0.000056
627.50 0.000070
628.00 0.000072
628.50 0.000079
629.00 0.000046
629.50 0.000048
630.00 0.000055
630.50 0.000046
631.00 0.000074
631.50 0.000081
632.00 0.000085
632.50 0.000061
633.00 0.000073
633.50 0.000068
634.00 0.000071
634.50 0.000068
635.00 0.000058
635.50 0.000064
636.00 0.000063
636.50 0.000065
637.00 0.000055
637.50 0.000046
638.00 0.000081
638.50 0.000052
639.00 0.000055
639.50 0.000049
640.00 0.000042
640.50 0.000061
641.00 0.000046
641.50 0.000073
642.00 0.000057
642.50 0.000043
643.00 0.000065
643.50 0.000041
644.00 0.000055
644.50 0.000058
645.00 0.000073
645.50 0.000058
646.00 0.000051
646.50 0.000047
647.00 0.000049
647.50 0.000057
648.00 0.000055
648.50 0.000055
649.00 0.000055
649.50 0.000052
650.00 0.000060
650.50 0.000060
651.00 0.000060
651.50 0.000069
652.00 0.000054
652.50 0.000055
653.00 0.000050
653.50 0.000053
654.00 0.000061
654.50 0.000045
655.00 0.000045
655.50 0.000057
656.00 0.000059
656.50 0.000047
657.00 0.000057
657.50 0.000060
658.00 0.000054
658.50 0.000053
659.00 0.000044
659.50 0.000041
660.00 0.000048
660.50 0.000055
661.00 0.000069
661.50 0.000048
662.00 0.000056
662.50 0.000045
663.00 0.000060
663.50 0.000033
664.00 0.000059
664.50 0.000076
665.00 0.000044
665.50 0.000056
666.00 0.000054
666.50 0.000063
667.00 0.000046
667.50 0.000054
668.00 0.000048
668.50 0.000055
669.00 0.000036
669.50 0.000048
670.00 0.000050
670.50 0.000054
671.00 0.000044
671.50 0.000048
672.00 0.000067
672.50 0.000049
673.00 0.000056
673.50 0.000050
674.00 0.000049
674.50 0.000053
675.00 0.000051
675.50 0.000050
676.00 0.000076
676.50 0.000055
677.00 0.000047
677.50 0.000049
678.00 0.000065
678.50 0.000073
679.00 0.000064
679.50 0.000071
680.00 0.000064
680.50 0.000068
681.00 0.000075
681.50 0.000060
682.00 0.000050
682.50 0.000070
683.00 0.000055
683.50 0.000053
684.00 0.000042
684.50 0.000068
685.00 0.000063
685.50 0.000053
686.00 0.000053
686.50 0.000076
687.00 0.000069
687.50 0.000066
688.00 0.000038
688.50 0.000044
689.00 0.000042
689.50 0.000050
690.00 0.000051
690.50 0.000051
691.00 0.000058
691.50 0.000060
692.00 0.000039
692.50 0.000039
693.00 0.000055
693.50 0.000060
694.00 0.000065
694.50 0.000048
695.00 0.000046
695.50 0.000048
696.00 0.000046
696.50 0.000064
697.00 0.000064
697.50 0.000054
698.00 0.000046
698.50 0.000049
699.00 0.000048
699.50 0.000053
700.00 0.000050
700.50 0.000058
701.00 0.000045
701.50 0.000057
702.00 0.000041
702.50 0.000054
703.00 0.000057
703.50 0.000051
704.00 0.000074
704.50 0.000048
705.00 0.000053
705.50 0.000055
706.00 0.000056
706.50 0.000048
707.00 0.000049
707.50 0.000056
708.00 0.000049
708.50 0.000053
709.00 0.000035
709.50 0.000049
710.00 0.000049
710.50 0.000061
711.00 0.000052
711.50 0.000072
712.00 0.000052
712.50 0.000058
713.00 0.000073
713.50 0.000052
714.00 0.000059
714.50 0.000056
715.00 0.000049
715.50 0.000050
716.00 0.000055
716.50 0.000056
717.00 0.000045
717.50 0.000063
718.00 0.000065
718.50 0.000029
719.00 0.000032
719.50 0.000034
720.00 0.000060
720.50 0.000047
721.00 0.000045
721.50 0.000043
722.00 0.000057
722.50 0.000055
723.00 0.000041
723.50 0.000062
724.00 0.000049
724.50 0.000051
725.00 0.000043
725.50 0.000047
726.00 0.000045
726.50 0.000030
727.00 0.000044
727.50 0.000043
728.00 0.000050
728.50 0.000060
729.00 0.000039
729.50 0.000058
730.00 0.000041
730.50 0.000048
731.00 0.000029
731.50 0.000059
732.00 0.000052
732.50 0.000060
733.00 0.000055
733.50 0.000033
734.00 0.000054
734.50 0.000047
735.00 0.000040
735.50 0.000056
736.00 0.000063
736.50 0.000048
737.00 0.000045
737.50 0.000040
738.00 0.000054
738.50 0.000062
739.00 0.000049
739.50 0.000049
740.00 0.000056
740.50 0.000044
741.00 0.000045
741.50 0.000037
742.00 0.000042
742.50 0.000059
743.00 0.000057
743.50 0.000041
744.00 0.000054
744.50 0.000031
745.00 0.000051
745.50 0.000053
746.00 0.000038
746.50 0.000041
747.00 0.000042
747.50 0.000046
748.00 0.000041
748.50 0.000048
749.00 0.000040
749.50 0.000033
750.00 0.000030
750.50 0.000039
751.00 0.000029
751.50 0.000031
752.00 0.000027
752.50 0.000036
753.00 0.000047
753.50 0.000053
754.00 0.000037
754.50 0.000044
755.00 0.000039
755.50 0.000052
756.00 0.000037
756.50 0.000041
757.00 0.000034
757.50 0.000048
758.00 0.000035
758.50 0.000036
759.00 0.000036
759.50 0.000034
760.00 0.000038
760.50 0.000031
761.00 0.000052
761.50 0.000042
762.00 0.000029
762.50 0.000058
763.00 0.000025
763.50 0.000038
764.00 0.000033
764.50 0.000040
765.00 0.000041
765.50 0.000048
766.00 0.000043
766.50 0.000052
767.00 0.000036
767.50 0.000059
768.00 0.000024
768.50 0.000047
769.00 0.000054
769.50 0.000051
770.00 0.000045
770.50 0.000041
771.00 0.000037
771.50 0.000051
772.00 0.000039
772.50 0.000052
773.00 0.000035
773.50 0.000030
774.00 0.000035
774.50 0.000046
775.00 0.000040
775.50 0.000047
776.00 0.000041
776.50 0.000038
777.00 0.000024
777.50 0.000038
778.00 0.000030
778.50 0.000041
779.00 0.000037
779.50 0.000046
780.00 0.000034
780.50 0.000034
781.00 0.000027
781.50 0.000039
782.00 0.000016
782.50 0.000029
783.00 0.000017
783.50 0.000019
784.00 0.000030
784.50 0.000016
785.00 0.000035
785.50 0.000015
786.00 0.000041
786.50 0.000017
787.00 0.000033
787.50 0.000014
788.00 0.000024
788.50 0.000025
789.00 0.000050
789.50 0.000021
790.00 0.000024
790.50 0.000053
791.00 0.000023
791.50 0.000038
792.00 0.000041
792.50 0.000038
793.00 0.000024
793.50 0.000052
794.00 0.000017
794.50 0.000030
795.00 0.000040
795.50 0.000028
796.00 0.000025
796.50 0.000025
797.00 0.000016
797.50 0.000032
798.00 0.000023
798.50 0.000025
799.00 0.000017
799.50 0.000045
800.00 0.000024
800.50 0.000035
801.00 0.000056
801.50 0.000038
802.00 0.000007
802.50 0.000023
803.00 0.000034
803.50 0.000025
804.00 0.000042
804.50 0.000025
805.00 0.000018
805.50 0.000036
806.00 0.000018
806.50 0.000034
807.00 0.000024
807.50 0.000030
808.00 0.000038
808.50 0.000057
809.00 0.000035
809.50 0.000035
810.00 0.000025
810.50 0.000036
811.00 0.000032
811.50 0.000041
812.00 0.000036
812.50 0.000040
813.00 0.000051
813.50 0.000023
814.00 0.000051
814.50 0.000024
815.00 0.000047
815.50 0.000061
816.00 0.000044
816.50 0.000026
817.00 0.000029
817.50 0.000030
818.00 0.000045
818.50 0.000043
819.00 0.000041
819.50 0.000026
820.00 0.000043
820.50 0.000033
821.00 0.000057
821.50 0.000028
822.00 0.000041
822.50 0.000043
823.00 0.000074
823.50 0.000051
824.00 0.000038
824.50 0.000038
825.00 0.000024
825.50 0.000019
826.00 0.000022
826.50 0.000036
827.00 0.000042
827.50 0.000060
828.00 0.000043
828.50 0.000083
829.00 0.000057
829.50 0.000048
830.00 0.000078
830.50 0.000085
831.00 0.000078
831.50 0.000100
832.00 0.000095
832.50 0.000120
833.00 0.000127
833.50 0.000128
834.00 0.000205
834.50 0.000277
835.00 0.000335
835.50 0.000451
836.00 0.000527
836.50 0.000587
837.00 0.000630
837.50 0.000562
838.00 0.000517
838.50 0.000420
839.00 0.000455
839.50 0.000290
840.00 0.000237
840.50 0.000256
841.00 0.000161
841.50 0.000183
842.00 0.000169
842.50 0.000138
843.00 0.000234
843.50 0.000209
844.00 0.000168
844.50 0.000102
845.00 0.000060
845.50 0.000196
846.00 0.000128
846.50 0.000121
847.00 0.000146
847.50 0.000106
848.00 0.000119
848.50 0.000100
849.00 0.000127
849.50 0.000200
850.00 0.000068
850.50 0.000188
851.00 0.000091
851.50 0.000164
852.00 0.000125
852.50 0.000147
853.00 0.000130
853.50 0.000174
854.00 0.000163
854.50 0.000185
855.00 0.000220
855.50 0.000050
856.00 0.000358
856.50 0.000368
857.00 0.000383
857.50 0.000183
858.00 0.000368
858.50 0.000106
859.00 0.000560
859.50 0.000548
860.00 0.000138
860.50 0.000383
861.00 0.000359
861.50 0.000459
862.00 0.000469
862.50 0.000588
863.00 0.000871
863.50 0.000558
864.00 0.000757
864.50 0.000738
865.00 0.000512
865.50 0.000326
866.00 0.000578
866.50 0.001116
867.00 0.000575
867.50 0.000940
868.00 0.000235
868.50 0.000857
869.00 0.000811
869.50 0.000224
870.00 0.000405
870.50 0.000075
871.00 0.000364
871.50 0.000444
872.00 0.000511
872.50 0.000726
873.00 -0.000017
873.50 0.000268
874.00 0.000614
874.50 0.000013
875.00 0.000302
875.50 0.000422
876.00 -0.000410
876.50 0.001402
877.00 0.001150
877.50 0.000019
878.00 0.000649
878.50 -0.000574
879.00 0.000650
879.50 0.001613
880.00 -0.000073
880.50 0.001559
881.00 -0.000229
881.50 0.001248
882.00 0.001639
882.50 0.000448
883.00 0.002961
883.50 -0.000037
884.00 0.000288
884.50 0.001041
885.00 -0.000355
885.50 0.000197
886.00 -0.000226
886.50 0.001728
887.00 0.001482
887.50 -0.001361
888.00 -0.004674
888.50 0.002083
889.00 0.002548
889.50 0.001514
890.00 0.001709
890.50 -0.002172
891.00 0.000955
891.50 0.001018
892.00 -0.003082
892.50 0.000065
893.00 -0.001795
893.50 -0.000382
894.00 0.002627
894.50 0.003881
895.00 0.002472
895.50 -0.004272
896.00 -0.002649
896.50 -0.002573
897.00 0.001065
897.50 -0.001791
898.00 -0.001714
898.50 -0.000019
899.00 0.001700
899.50 0.000601
900.00 0.000469
900.50 0.000663
901.00 0.000597
901.50 0.000780
902.00 0.000695
902.50 0.000542
903.00 0.000665
903.50 0.000868
904.00 0.000593
904.50 0.000779
905.00 0.000827
905.50 0.000691
906.00 0.000376
906.50 0.000413
907.00 0.000588
907.50 0.000544
908.00 0.000677
908.50 0.000770
909.00 0.000610
909.50 0.000545
910.00 0.000691
910.50 0.000725
911.00 0.000809
911.50 0.000528
912.00 0.000508
912.50 0.000620
913.00 0.000670
913.50 0.000506
914.00 0.000752
914.50 0.000785
915.00 0.000868
915.50 0.000907
916.00 0.000475
916.50 0.000554
917.00 0.000756
917.50 0.000787
918.00 0.000725
918.50 0.000916
919.00 0.000780
919.50 0.000430
920.00 0.000668
920.50 0.000954
921.00 0.000670
921.50 0.000720
922.00 0.000648
922.50 0.000737
923.00 0.000910
923.50 0.000673
924.00 0.000815
924.50 0.001088
925.00 0.000669
925.50 0.000836
926.00 0.001118
926.50 0.000903
927.00 0.000692
927.50 0.000867
928.00 0.001185
928.50 0.001172
929.00 0.001063
929.50 0.001133
930.00 0.001013
930.50 0.001099
931.00 0.001203
931.50 0.001424
932.00 0.001433
932.50 0.001120
933.00 0.001109
933.50 0.001320
934.00 0.001274
934.50 0.001228
935.00 0.001445
935.50 0.001462
936.00 0.001385
936.50 0.001471
937.00 0.001659
937.50 0.001542
938.00 0.001629
938.50 0.001500
939.00 0.001628
939.50 0.001708
940.00 0.001661
940.50 0.001782
941.00 0.001770
941.50 0.001766
942.00 0.001881
942.50 0.001804
943.00 0.001952
943.50 0.001855
944.00 0.001917
944.50 0.001893
945.00 0.002022
945.50 0.002235
946.00 0.001984
946.50 0.002073
947.00 0.002104
947.50 0.002104
948.00 0.002173
948.50 0.002277
949.00 0.002211
949.50 0.002266
950.00 0.002230
950.50 0.002296
951.00 0.002299
951.50 0.002388
952.00 0.002587
952.50 0.002332
953.00 0.002467
953.50 0.002551
954.00 0.002423
954.50 0.002524
955.00 0.002488
955.50 0.002649
956.00 0.002642
956.50 0.002578
957.00 0.002650
957.50 0.002633
958.00 0.002706
958.50 0.002744
959.00 0.002793
959.50 0.002634
960.00 0.002866
960.50 0.002843
961.00 0.002820
961.50 0.002887
962.00 0.002996
962.50 0.002908
963.00 0.002990
963.50 0.003056
964.00 0.003131
964.50 0.003171
965.00 0.003125
965.50 0.003219
966.00 0.003263
966.50 0.003287
967.00 0.003301
967.50 0.003395
968.00 0.003395
968.50 0.003506
969.00 0.003542
969.50 0.003676
970.00 0.003667
970.50 0.003753
971.00 0.003900
971.50 0.003866
972.00 0.003977
972.50 0.004200
973.00 0.004203
973.50 0.004297
974.00 0.004347
974.50 0.004465
975.00 0.004637
975.50 0.004755
976.00 0.004752
976.50 0.004998
977.00 0.005047
977.50 0.005226
978.00 0.005359
978.50 0.005512
979.00 0.005593
979.50 0.005766
980.00 0.005930
980.50 0.006098
981.00 0.006291
981.50 0.006376
982.00 0.006649
982.50 0.006840
983.00 0.006942
983.50 0.007102
984.00 0.007282
984.50 0.007619
985.00 0.007751
985.50 0.007921
986.00 0.008253
986.50 0.008416
987.00 0.008567
987.50 0.008856
988.00 0.009121
988.50 0.009383
989.00 0.009617
989.50 0.009883
990.00 0.009965
990.50 0.010263
991.00 0.010626
991.50 0.010760
992.00 0.011084
992.50 0.011355
993.00 0.011559
993.50 0.011870
994.00 0.012085
994.50 0.012378
995.00 0.012675
995.50 0.012922
996.00 0.013197
996.50 0.013496
997.00 0.013585
997.50 0.014000
998.00 0.014268
998.50 0.014358
999.00 0.014685
999.50 0.015011
1000.00 0.015226
1000.50 0.015385
1001.00 0.015781
1001.50 0.015980
1002.00 0.016214
1002.50 0.016475
1003.00 0.016689
1003.50 0.016935
1004.00 0.017133
1004.50 0.017437
1005.00 0.017669
1005.50 0.017877
1006.00 0.018124
1006.50 0.018348
1007.00 0.018647
1007.50 0.018723
1008.00 0.018779
1008.50 0.019116
1009.00 0.019339
1009.50 0.019753
1010.00 0.019768
1010.50 0.019885
1011.00 0.020259
1011.50 0.020339
1012.00 0.020596
1012.50 0.020783
1013.00 0.020960
1013.50 0.021178
1014.00 0.021394
1014.50 0.021531
1015.00 0.021765
1015.50 0.021764
1016.00 0.021965
1016.50 0.022469
1017.00 0.022463
1017.50 0.022714
1018.00 0.022921
1018.50 0.023105
1019.00 0.023256
1019.50 0.023535
1020.00 0.023621
1020.50 0.023908
1021.00 0.023974
1021.50 0.024278
1022.00 0.024648
1022.50 0.024805
1023.00 0.024789
1023.50 0.025158
1024.00 0.025541
1024.50 0.025566
1025.00 0.025915
1025.50 0.026351
1026.00 0.026459
1026.50 0.026532
1027.00 0.027044
1027.50 0.027316
1028.00 0.027612
1028.50 0.027772
1029.00 0.028315
1029.50 0.028310
1030.00 0.028818
1030.50 0.029154
1031.00 0.029367
1031.50 0.029954
1032.00 0.030126
1032.50 0.030527
1033.00 0.030965
1033.50 0.031379
1034.00 0.031779
1034.50 0.032068
1035.00 0.032682
1035.50 0.032921
1036.00 0.033303
1036.50 0.033861
1037.00 0.034362
1037.50 0.034785
1038.00 0.035289
1038.50 0.035827
1039.00 0.036466
1039.50 0.036545
1040.00 0.037339
1040.50 0.037991
1041.00 0.038279
1041.50 0.039054
1042.00 0.039524
1042.50 0.040081
1043.00 0.040160
1043.50 0.041374
1044.00 0.041980
1044.50 0.042382
1045.00 0.043080
1045.50 0.043621
1046.00 0.044179
1046.50 0.044854
1047.00 0.045440
1047.50 0.046160
1048.00 0.046991
1048.50 0.047582
1049.00 0.048089
1049.50 0.048846
1050.00 0.049498
1050.50 0.050207
1051.00 0.050787
1051.50 0.051387
1052.00 0.052246
1052.50 0.052813
1053.00 0.053179
1053.50 0.053952
1054.00 0.054875
1054.50 0.055648
1055.00 0.056000
1055.50 0.056701
1056.00 0.057168
1056.50 0.057701
1057.00 0.058147
1057.50 0.059021
1058.00 0.060040
1058.50 0.060144
1059.00 0.060522
1059.50 0.061334
1060.00 0.061931
1060.50 0.062516
1061.00 0.062851
1061.50 0.063440
1062.00 0.063866
1062.50 0.063995
1063.00 0.064747
1063.50 0.065183
1064.00 0.065344
1064.50 0.065873
1065.00 0.066446
1065.50 0.066297
1066.00 0.066971
1066.50 0.067433
1067.00 0.067596
1067.50 0.067435
1068.00 0.068078
1068.50 0.068164
1069.00 0.067925
1069.50 0.068450
1070.00 0.068711
1070.50 0.068501
1071.00 0.068674
1071.50 0.068314
1072.00 0.068787
1072.50 0.069080
1073.00 0.068804
1073.50 0.068379
1074.00 0.068823
1074.50 0.068776
1075.00 0.067945
1075.50 0.068567
1076.00 0.068319
1076.50 0.067040
1077.00 0.067264
1077.50 0.068106
1078.00 0.067543
1078.50 0.066990
1079.00 0.066824
1079.50 0.066244
1080.00 0.066322
1080.50 0.065996
1081.00 0.065824
1081.50 0.065267
1082.00 0.064955
1082.50 0.064535
1083.00 0.064348
1083.50 0.063792
1084.00 0.063838
1084.50 0.063283
1085.00 0.062256
1085.50 0.062246
1086.00 0.062087
1086.50 0.061305
1087.00 0.061091
1087.50 0.060930
1088.00 0.060250
1088.50 0.059728
1089.00 0.059410
1089.50 0.059192
1090.00 0.058325
1090.50 0.057890
1091.00 0.057846
1091.50 0.057103
1092.00 0.056582
1092.50 0.056388
1093.00 0.055879
1093.50 0.055582
1094.00 0.055383
1094.50 0.054574
1095.00 0.054025
1095.50 0.053993
1096.00 0.053460
1096.50 0.053220
1097.00 0.052910
1097.50 0.052517
1098.00 0.051953
1098.50 0.051804
1099.00 0.051608
1099.50 0.050940
1100.00 0.050767
