200.00 0.000098
200.50 0.000104
201.00 0.000093
201.50 0.000108
202.00 0.000108
202.50 0.000106
203.00 0.000093
203.50 0.000116
204.00 0.000089
204.50 0.000112
205.00 0.000108
205.50 0.000118
206.00 0.000094
206.50 0.000099
207.00 0.000103
207.50 0.000086
208.00 0.000084
208.50 0.000082
209.00 0.000085
209.50 0.000094
210.00 0.000083
210.50 0.000086
211.00 0.000094
211.50 0.000072
212.00 0.000068
212.50 0.000092
213.00 0.000090
213.50 0.000087
214.00 0.000087
214.50 0.000086
215.00 0.000070
215.50 0.000096
216.00 0.000091
216.50 0.000065
217.00 0.000074
217.50 0.000093
218.00 0.000066
218.50 0.000064
219.00 0.000094
219.50 0.000089
220.00 0.000074
220.50 0.000072
221.00 0.000088
221.50 0.000080
222.00 0.000098
222.50 0.000076
223.00 0.000095
223.50 0.000081
224.00 0.000080
224.50 0.000084
225.00 0.000084
225.50 0.000080
226.00 0.000087
226.50 0.000081
227.00 0.000093
227.50 0.000062
228.00 0.000058
228.50 0.000064
229.00 0.000082
229.50 0.000080
230.00 0.000091
230.50 0.000080
231.00 0.000081
231.50 0.000069
232.00 0.000084
232.50 0.000086
233.00 0.000079
233.50 0.000073
234.00 0.000089
234.50 0.000082
235.00 0.000083
235.50 0.000082
236.00 0.000089
236.50 0.000074
237.00 0.000084
237.50 0.000080
238.00 0.000074
238.50 0.000095
239.00 0.000092
239.50 0.000076
240.00 0.000081
240.50 0.000082
241.00 0.000091
241.50 0.000099
242.00 0.000078
242.50 0.000096
243.00 0.000084
243.50 0.000079
244.00 0.000085
244.50 0.000074
245.00 0.000083
245.50 0.000091
246.00 0.000094
246.50 0.000081
247.00 0.000092
247.50 0.000089
248.00 0.000074
248.50 0.000073
249.00 0.000076
249.50 0.000091
250.00 0.000083
250.50 0.000073
251.00 0.000068
251.50 0.000078
252.00 0.000094
252.50 0.000089
253.00 0.000063
253.50 0.000086
254.00 0.000078
254.50 0.000089
255.00 0.000071
255.50 0.000087
256.00 0.000083
256.50 0.000081
257.00 0.000068
257.50 0.000075
258.00 0.000088
258.50 0.000075
259.00 0.000063
259.50 0.000077
260.00 0.000072
260.50 0.000077
261.00 0.000082
261.50 0.000067
262.00 0.000066
262.50 0.000063
263.00 0.000069
263.50 0.000079
264.00 0.000088
264.50 0.000062
265.00 0.000060
265.50 0.000078
266.00 0.000072
266.50 0.000061
267.00 0.000074
267.50 0.000066
268.00 0.000088
268.50 0.000077
269.00 0.000097
269.50 0.000064
270.00 0.000077
270.50 0.000072
271.00 0.000067
271.50 0.000088
272.00 0.000080
272.50 0.000063
273.00 0.000080
273.50 0.000070
274.00 0.000084
274.50 0.000064
275.00 0.000075
275.50 0.000067
276.00 0.000072
276.50 0.000065
277.00 0.000084
277.50 0.000081
278.00 0.000079
278.50 0.000080
279.00 0.000069
279.50 0.000069
280.00 0.000078
280.50 0.000076
281.00 0.000064
281.50 0.000065
282.00 0.000097
282.50 0.000075
283.00 0.000099
283.50 0.000083
284.00 0.000097
284.50 0.000106
285.00 0.000115
285.50 0.000094
286.00 0.000114
286.50 0.000122
287.00 0.000138
287.50 0.000146
288.00 0.000141
288.50 0.000167
289.00 0.000180
289.50 0.000195
290.00 0.000192
290.50 0.000222
291.00 0.000238
291.50 0.000263
292.00 0.000265
292.50 0.000288
293.00 0.000292
293.50 0.000296
294.00 0.000321
294.50 0.000336
295.00 0.000348
295.50 0.000356
296.00 0.000367
296.50 0.000354
297.00 0.000332
297.50 0.000340
298.00 0.000339
298.50 0.000341
299.00 0.000375
299.50 0.000389
300.00 0.000388
300.50 0.000401
301.00 0.000370
301.50 0.000372
302.00 0.000380
302.50 0.000389
303.00 0.000414
303.50 0.000440
304.00 0.000437
304.50 0.000435
305.00 0.000412
305.50 0.000378
306.00 0.000358
306.50 0.000326
307.00 0.000328
307.50 0.000326
308.00 0.000313
308.50 0.000303
309.00 0.000317
309.50 0.000318
310.00 0.000318
310.50 0.000315
311.00 0.000276
311.50 0.000265
312.00 0.000240
312.50 0.000254
313.00 0.000218
313.50 0.000217
314.00 0.000190
314.50 0.000202
315.00 0.000194
315.50 0.000179
316.00 0.000206
316.50 0.000220
317.00 0.000195
317.50 0.000175
318.00 0.000169
318.50 0.000147
319.00 0.000136
319.50 0.000134
320.00 0.000129
320.50 0.000150
321.00 0.000131
321.50 0.000143
322.00 0.000141
322.50 0.000138
323.00 0.000130
323.50 0.000153
324.00 0.000122
324.50 0.000101
325.00 0.000106
325.50 0.000113
326.00 0.000110
326.50 0.000104
327.00 0.000099
327.50 0.000113
328.00 0.000100
328.50 0.000105
329.00 0.000098
329.50 0.000099
330.00 0.000109
330.50 0.000093
331.00 0.000095
331.50 0.000098
332.00 0.000100
332.50 0.000101
333.00 0.000111
333.50 0.000122
334.00 0.000121
334.50 0.000128
335.00 0.000126
335.50 0.000135
336.00 0.000116
336.50 0.000141
337.00 0.000141
337.50 0.000147
338.00 0.000134
338.50 0.000141
339.00 0.000149
339.50 0.000165
340.00 0.000193
340.50 0.000176
341.00 0.000199
341.50 0.000209
342.00 0.000204
342.50 0.000243
343.00 0.000248
343.50 0.000229
344.00 0.000251
344.50 0.000267
345.00 0.000251
345.50 0.000208
346.00 0.000204
346.50 0.000155
347.00 0.000134
347.50 0.000109
348.00 0.000100
348.50 0.000100
349.00 0.000092
349.50 0.000088
350.00 0.000095
350.50 0.000087
351.00 0.000071
351.50 0.000091
352.00 0.000076
352.50 0.000085
353.00 0.000073
353.50 0.000089
354.00 0.000073
354.50 0.000076
355.00 0.000060
355.50 0.000078
356.00 0.000080
356.50 0.000083
357.00 0.000088
357.50 0.000083
358.00 0.000067
358.50 0.000074
359.00 0.000076
359.50 0.000097
360.00 0.000074
360.50 0.000084
361.00 0.000088
361.50 0.000082
362.00 0.000098
362.50 0.000106
363.00 0.000109
363.50 0.000110
364.00 0.000117
364.50 0.000121
365.00 0.000127
365.50 0.000135
366.00 0.000128
366.50 0.000155
367.00 0.000155
367.50 0.000165
368.00 0.000203
368.50 0.000209
369.00 0.000228
369.50 0.000292
370.00 0.000321
370.50 0.000350
371.00 0.000398
371.50 0.000434
372.00 0.000497
372.50 0.000553
373.00 0.000615
373.50 0.000687
374.00 0.000740
374.50 0.000802
375.00 0.000886
375.50 0.000978
376.00 0.001051
376.50 0.001137
377.00 0.001273
377.50 0.001395
378.00 0.001481
378.50 0.001646
379.00 0.001887
379.50 0.002046
380.00 0.002303
380.50 0.002563
381.00 0.002887
381.50 0.003289
382.00 0.003746
382.50 0.004226
383.00 0.004861
383.50 0.005633
384.00 0.006519
384.50 0.007676
385.00 0.009026
385.50 0.010817
386.00 0.012760
386.50 0.015313
387.00 0.018596
387.50 0.022540
388.00 0.027589
388.50 0.034019
389.00 0.041960
389.50 0.052617
390.00 0.066613
390.50 0.084297
391.00 0.108113
391.50 0.139097
392.00 0.180134
392.50 0.236624
393.00 0.310545
393.50 0.414204
394.00 0.557572
394.50 0.753718
395.00 1.036538
395.50 1.431612
396.00 1.987898
396.50 2.797246
397.00 3.929669
397.50 5.534057
398.00 7.835664
398.50 10.912713
399.00 15.180448
399.50 20.493080
400.00 26.993689
400.50 34.629978
401.00 42.370720
401.50 50.560272
402.00 58.133621
402.50 64.391258
403.00 70.060547
403.50 74.121101
404.00 77.154518
404.50 79.462601
405.00 80.979805
405.50 82.201942
406.00 83.298195
406.50 83.587769
407.00 83.712730
407.50 84.148804
408.00 84.069160
408.50 83.626755
409.00 83.746941
409.50 82.975296
410.00 82.492340
410.50 82.134888
411.00 81.742287
411.50 81.597260
412.00 81.559570
412.50 81.610428
413.00 81.705017
413.50 81.690941
414.00 81.661682
414.50 81.430328
415.00 80.806183
415.50 79.820488
416.00 78.284248
416.50 76.182816
417.00 73.339409
417.50 69.752975
418.00 64.798897
418.50 58.870380
419.00 51.894630
419.50 44.372421
420.00 36.718880
420.50 29.285162
421.00 22.827658
421.50 17.326101
422.00 12.930407
422.50 9.590226
423.00 7.062521
423.50 5.240065
424.00 3.913807
424.50 2.929711
425.00 2.215641
425.50 1.687583
426.00 1.302670
426.50 1.016113
427.00 0.795017
427.50 0.631736
428.00 0.507969
428.50 0.407524
429.00 0.330324
429.50 0.270615
430.00 0.222631
430.50 0.184758
431.00 0.153752
431.50 0.129008
432.00 0.109311
432.50 0.092911
433.00 0.079474
433.50 0.068422
434.00 0.059127
434.50 0.051583
435.00 0.044989
435.50 0.039311
436.00 0.034640
436.50 0.030708
437.00 0.027298
437.50 0.024306
438.00 0.021794
438.50 0.019538
439.00 0.017625
439.50 0.016014
440.00 0.014514
440.50 0.013244
441.00 0.012111
441.50 0.011126
442.00 0.010188
442.50 0.009415
443.00 0.008767
443.50 0.008142
444.00 0.007593
444.50 0.007127
445.00 0.006635
445.50 0.006260
446.00 0.005887
446.50 0.005606
447.00 0.005306
447.50 0.005003
448.00 0.004792
448.50 0.004547
449.00 0.004357
449.50 0.004154
450.00 0.003991
450.50 0.003764
451.00 0.003597
451.50 0.003404
452.00 0.003174
452.50 0.002902
453.00 0.002595
453.50 0.002322
454.00 0.001993
454.50 0.001741
455.00 0.001461
455.50 0.001243
456.00 0.001080
456.50 0.000924
457.00 0.000781
457.50 0.000698
458.00 0.000595
458.50 0.000525
459.00 0.000424
459.50 0.000354
460.00 0.000276
460.50 0.000247
461.00 0.000178
461.50 0.000140
462.00 0.000139
462.50 0.000110
463.00 0.000102
463.50 0.000091
464.00 0.000082
464.50 0.000083
465.00 0.000089
465.50 0.000075
466.00 0.000073
466.50 0.000061
467.00 0.000072
467.50 0.000081
468.00 0.000077
468.50 0.000068
469.00 0.000073
469.50 0.000064
470.00 0.000087
470.50 0.000060
471.00 0.000087
471.50 0.000069
472.00 0.000069
472.50 0.000083
473.00 0.000082
473.50 0.000087
474.00 0.000095
474.50 0.000070
475.00 0.000074
475.50 0.000083
476.00 0.000063
476.50 0.000085
477.00 0.000063
477.50 0.000070
478.00 0.000072
478.50 0.000051
479.00 0.000085
479.50 0.000067
480.00 0.000061
480.50 0.000081
481.00 0.000056
481.50 0.000078
482.00 0.000066
482.50 0.000063
483.00 0.000066
483.50 0.000058
484.00 0.000079
484.50 0.000057
485.00 0.000081
485.50 0.000078
486.00 0.000072
486.50 0.000066
487.00 0.000080
487.50 0.000078
488.00 0.000067
488.50 0.000068
489.00 0.000074
489.50 0.000078
490.00 0.000094
490.50 0.000081
491.00 0.000096
491.50 0.000085
492.00 0.000076
492.50 0.000095
493.00 0.000105
493.50 0.000090
494.00 0.000095
494.50 0.000110
495.00 0.000114
495.50 0.000103
496.00 0.000101
496.50 0.000104
497.00 0.000114
497.50 0.000098
498.00 0.000088
498.50 0.000103
499.00 0.000099
499.50 0.000122
500.00 0.000086
500.50 0.000081
501.00 0.000075
501.50 0.000083
502.00 0.000086
502.50 0.000094
503.00 0.000084
503.50 0.000088
504.00 0.000093
504.50 0.000093
505.00 0.000091
505.50 0.000097
506.00 0.000112
506.50 0.000106
507.00 0.000104
507.50 0.000100
508.00 0.000108
508.50 0.000111
509.00 0.000106
509.50 0.000114
510.00 0.000099
510.50 0.000108
511.00 0.000110
511.50 0.000099
512.00 0.000110
512.50 0.000081
513.00 0.000075
513.50 0.000087
514.00 0.000083
514.50 0.000089
515.00 0.000088
515.50 0.000087
516.00 0.000082
516.50 0.000106
517.00 0.000091
517.50 0.000086
518.00 0.000101
518.50 0.000077
519.00 0.000083
519.50 0.000080
520.00 0.000081
520.50 0.000102
521.00 0.000084
521.50 0.000077
522.00 0.000083
522.50 0.000077
523.00 0.000095
523.50 0.000089
524.00 0.000093
524.50 0.000092
525.00 0.000088
525.50 0.000113
526.00 0.000097
526.50 0.000081
527.00 0.000086
527.50 0.000081
528.00 0.000105
528.50 0.000091
529.00 0.000079
529.50 0.000077
530.00 0.000080
530.50 0.000087
531.00 0.000070
531.50 0.000066
532.00 0.000066
532.50 0.000068
533.00 0.000076
533.50 0.000077
534.00 0.000081
534.50 0.000067
535.00 0.000074
535.50 0.000071
536.00 0.000078
536.50 0.000079
537.00 0.000063
537.50 0.000073
538.00 0.000075
538.50 0.000086
539.00 0.000083
539.50 0.000103
540.00 0.000116
540.50 0.000120
541.00 0.000109
541.50 0.000097
542.00 0.000093
542.50 0.000074
543.00 0.000062
543.50 0.000070
544.00 0.000072
544.50 0.000072
545.00 0.000067
545.50 0.000060
546.00 0.000074
546.50 0.000066
547.00 0.000062
547.50 0.000046
548.00 0.000070
548.50 0.000059
549.00 0.000067
549.50 0.000059
550.00 0.000051
550.50 0.000066
551.00 0.000062
551.50 0.000070
552.00 0.000063
552.50 0.000067
553.00 0.000073
553.50 0.000061
554.00 0.000067
554.50 0.000079
555.00 0.000070
555.50 0.000055
556.00 0.000067
556.50 0.000078
557.00 0.000079
557.50 0.000070
558.00 0.000066
558.50 0.000048
559.00 0.000071
559.50 0.000073
560.00 0.000069
560.50 0.000054
561.00 0.000048
561.50 0.000069
562.00 0.000053
562.50 0.000068
563.00 0.000053
563.50 0.000073
564.00 0.000074
564.50 0.000056
565.00 0.000064
565.50 0.000059
566.00 0.000039
566.50 0.000048
567.00 0.000071
567.50 0.000072
568.00 0.000055
568.50 0.000045
569.00 0.000061
569.50 0.000056
570.00 0.000061
570.50 0.000068
571.00 0.000069
571.50 0.000047
572.00 0.000049
572.50 0.000074
573.00 0.000055
573.50 0.000060
574.00 0.000066
574.50 0.000063
575.00 0.000053
575.50 0.000049
576.00 0.000050
576.50 0.000047
577.00 0.000056
577.50 0.000058
578.00 0.000031
578.50 0.000054
579.00 0.000055
579.50 0.000040
580.00 0.000065
580.50 0.000055
581.00 0.000066
581.50 0.000055
582.00 0.000064
582.50 0.000056
583.00 0.000078
583.50 0.000061
584.00 0.000051
584.50 0.000053
585.00 0.000070
585.50 0.000068
586.00 0.000087
586.50 0.000086
587.00 0.000082
587.50 0.000083
588.00 0.000082
588.50 0.000076
589.00 0.000068
589.50 0.000073
590.00 0.000052
590.50 0.000073
591.00 0.000086
591.50 0.000055
592.00 0.000053
592.50 0.000073
593.00 0.000061
593.50 0.000059
594.00 0.000049
594.50 0.000076
595.00 0.000045
595.50 0.000051
596.00 0.000041
596.50 0.000057
597.00 0.000051
597.50 0.000051
598.00 0.000055
598.50 0.000073
599.00 0.000061
599.50 0.000058
600.00 0.000050
600.50 0.000045
601.00 0.000086
601.50 0.000055
602.00 0.000068
602.50 0.000068
603.00 0.000070
603.50 0.000063
604.00 0.000063
604.50 0.000063
605.00 0.000066
605.50 0.000062
606.00 0.000050
606.50 0.000066
607.00 0.000065
607.50 0.000066
608.00 0.000061
608.50 0.000061
609.00 0.000066
609.50 0.000064
610.00 0.000071
610.50 0.000081
611.00 0.000067
611.50 0.000049
612.00 0.000067
612.50 0.000075
613.00 0.000061
613.50 0.000056
614.00 0.000064
614.50 0.000070
615.00 0.000056
615.50 0.000067
616.00 0.000059
616.50 0.000068
617.00 0.000052
617.50 0.000055
618.00 0.000070
618.50 0.000052
619.00 0.000063
619.50 0.000071
620.00 0.000060
620.50 0.000072
621.00 0.000067
621.50 0.000073
622.00 0.000051
622.50 0.000076
623.00 0.000062
623.50 0.000067
624.00 0.000041
624.50 0.000069
625.00 0.000053
625.50 0.000073
626.00 0.000056
626.50 0.000043
627.00 0.000057
627.50 0.000074
628.00 0.000065
628.50 0.000069
629.00 0.000059
629.50 0.000053
630.00 0.000058
630.50 0.000067
631.00 0.000065
631.50 0.000070
632.00 0.000063
632.50 0.000071
633.00 0.000076
633.50 0.000068
634.00 0.000068
634.50 0.000060
635.00 0.000075
635.50 0.000065
636.00 0.000069
636.50 0.000061
637.00 0.000048
637.50 0.000059
638.00 0.000072
638.50 0.000061
639.00 0.000062
639.50 0.000048
640.00 0.000041
640.50 0.000051
641.00 0.000069
641.50 0.000078
642.00 0.000067
642.50 0.000054
643.00 0.000069
643.50 0.000039
644.00 0.000047
644.50 0.000049
645.00 0.000076
645.50 0.000047
646.00 0.000054
646.50 0.000060
647.00 0.000047
647.50 0.000053
648.00 0.000048
648.50 0.000059
649.00 0.000046
649.50 0.000054
650.00 0.000058
650.50 0.000077
651.00 0.000055
651.50 0.000053
652.00 0.000053
652.50 0.000057
653.00 0.000053
653.50 0.000056
654.00 0.000058
654.50 0.000036
655.00 0.000036
655.50 0.000041
656.00 0.000059
656.50 0.000050
657.00 0.000040
657.50 0.000036
658.00 0.000041
658.50 0.000063
659.00 0.000043
659.50 0.000023
660.00 0.000061
660.50 0.000050
661.00 0.000049
661.50 0.000055
662.00 0.000063
662.50 0.000044
663.00 0.000065
663.50 0.000025
664.00 0.000050
664.50 0.000043
665.00 0.000037
665.50 0.000052
666.00 0.000055
666.50 0.000059
667.00 0.000050
667.50 0.000047
668.00 0.000030
668.50 0.000051
669.00 0.000041
669.50 0.000058
670.00 0.000043
670.50 0.000051
671.00 0.000031
671.50 0.000039
672.00 0.000048
672.50 0.000039
673.00 0.000057
673.50 0.000056
674.00 0.000040
674.50 0.000044
675.00 0.000041
675.50 0.000050
676.00 0.000068
676.50 0.000039
677.00 0.000053
677.50 0.000055
678.00 0.000051
678.50 0.000077
679.00 0.000056
679.50 0.000067
680.00 0.000048
680.50 0.000054
681.00 0.000062
681.50 0.000043
682.00 0.000040
682.50 0.000044
683.00 0.000066
683.50 0.000048
684.00 0.000035
684.50 0.000063
685.00 0.000051
685.50 0.000019
686.00 0.000053
686.50 0.000056
687.00 0.000050
687.50 0.000035
688.00 0.000043
688.50 0.000048
689.00 0.000027
689.50 0.000036
690.00 0.000045
690.50 0.000039
691.00 0.000054
691.50 0.000056
692.00 0.000045
692.50 0.000037
693.00 0.000040
693.50 0.000060
694.00 0.000068
694.50 0.000035
695.00 0.000036
695.50 0.000032
696.00 0.000044
696.50 0.000057
697.00 0.000042
697.50 0.000050
698.00 0.000040
698.50 0.000049
699.00 0.000037
699.50 0.000047
700.00 0.000033
700.50 0.000068
701.00 0.000039
701.50 0.000046
702.00 0.000031
702.50 0.000050
703.00 0.000035
703.50 0.000040
704.00 0.000057
704.50 0.000049
705.00 0.000044
705.50 0.000042
706.00 0.000043
706.50 0.000045
707.00 0.000037
707.50 0.000051
708.00 0.000041
708.50 0.000031
709.00 0.000036
709.50 0.000046
710.00 0.000045
710.50 0.000044
711.00 0.000032
711.50 0.000052
712.00 0.000051
712.50 0.000029
713.00 0.000064
713.50 0.000033
714.00 0.000060
714.50 0.000034
715.00 0.000026
715.50 0.000033
716.00 0.000047
716.50 0.000053
717.00 0.000043
717.50 0.000039
718.00 0.000051
718.50 0.000037
719.00 0.000029
719.50 0.000031
720.00 0.000038
720.50 0.000059
721.00 0.000041
721.50 0.000044
722.00 0.000055
722.50 0.000054
723.00 0.000046
723.50 0.000046
724.00 0.000056
724.50 0.000054
725.00 0.000045
725.50 0.000044
726.00 0.000041
726.50 0.000023
727.00 0.000030
727.50 0.000038
728.00 0.000041
728.50 0.000053
729.00 0.000044
729.50 0.000073
730.00 0.000056
730.50 0.000057
731.00 0.000033
731.50 0.000037
732.00 0.000040
732.50 0.000059
733.00 0.000049
733.50 0.000035
734.00 0.000049
734.50 0.000045
735.00 0.000041
735.50 0.000045
736.00 0.000051
736.50 0.000026
737.00 0.000040
737.50 0.000042
738.00 0.000036
738.50 0.000046
739.00 0.000054
739.50 0.000042
740.00 0.000055
740.50 0.000052
741.00 0.000040
741.50 0.000039
742.00 0.000044
742.50 0.000046
743.00 0.000060
743.50 0.000038
744.00 0.000041
744.50 0.000045
745.00 0.000041
745.50 0.000059
746.00 0.000058
746.50 0.000044
747.00 0.000054
747.50 0.000043
748.00 0.000036
748.50 0.000034
749.00 0.000047
749.50 0.000049
750.00 0.000026
750.50 0.000053
751.00 0.000033
751.50 0.000039
752.00 0.000038
752.50 0.000033
753.00 0.000030
753.50 0.000048
754.00 0.000021
754.50 0.000053
755.00 0.000024
755.50 0.000053
756.00 0.000042
756.50 0.000041
757.00 0.000032
757.50 0.000050
758.00 0.000038
758.50 0.000040
759.00 0.000034
759.50 0.000042
760.00 0.000037
760.50 0.000028
761.00 0.000049
761.50 0.000035
762.00 0.000034
762.50 0.000063
763.00 0.000032
763.50 0.000045
764.00 0.000040
764.50 0.000053
765.00 0.000056
765.50 0.000053
766.00 0.000063
766.50 0.000056
767.00 0.000069
767.50 0.000074
768.00 0.000073
768.50 0.000090
769.00 0.000097
769.50 0.000073
770.00 0.000069
770.50 0.000036
771.00 0.000042
771.50 0.000058
772.00 0.000036
772.50 0.000046
773.00 0.000039
773.50 0.000043
774.00 0.000045
774.50 0.000033
775.00 0.000030
775.50 0.000050
776.00 0.000031
776.50 0.000038
777.00 0.000048
777.50 0.000032
778.00 0.000017
778.50 0.000055
779.00 0.000037
779.50 0.000040
780.00 0.000028
780.50 0.000021
781.00 0.000048
781.50 0.000021
782.00 0.000027
782.50 0.000016
783.00 0.000024
783.50 0.000024
784.00 0.000027
784.50 0.000022
785.00 0.000035
785.50 0.000032
786.00 0.000035
786.50 0.000038
787.00 0.000041
787.50 0.000035
788.00 0.000015
788.50 0.000040
789.00 0.000049
789.50 0.000033
790.00 0.000028
790.50 0.000063
791.00 0.000035
791.50 0.000048
792.00 0.000038
792.50 0.000022
793.00 0.000034
793.50 0.000045
794.00 0.000023
794.50 0.000035
795.00 0.000061
795.50 0.000035
796.00 0.000024
796.50 0.000032
797.00 0.000029
797.50 0.000044
798.00 0.000034
798.50 0.000045
799.00 0.000034
799.50 0.000047
800.00 0.000044
800.50 0.000061
801.00 0.000053
801.50 0.000061
802.00 0.000025
802.50 0.000022
803.00 0.000034
803.50 0.000037
804.00 0.000049
804.50 0.000033
805.00 0.000034
805.50 0.000037
806.00 0.000049
806.50 0.000056
807.00 0.000047
807.50 0.000030
808.00 0.000039
808.50 0.000044
809.00 0.000037
809.50 0.000061
810.00 0.000042
810.50 0.000061
811.00 0.000051
811.50 0.000045
812.00 0.000052
812.50 0.000052
813.00 0.000055
813.50 0.000039
814.00 0.000067
814.50 0.000053
815.00 0.000039
815.50 0.000038
816.00 0.000056
816.50 0.000023
817.00 0.000051
817.50 0.000047
818.00 0.000045
818.50 0.000040
819.00 0.000049
819.50 0.000021
820.00 0.000035
820.50 0.000058
821.00 0.000045
821.50 0.000037
822.00 0.000042
822.50 0.000036
823.00 0.000063
823.50 0.000019
824.00 0.000040
824.50 -0.000004
825.00 0.000041
825.50 0.000012
826.00 0.000026
826.50 0.000053
827.00 0.000003
827.50 0.000045
828.00 0.000030
828.50 0.000076
829.00 0.000027
829.50 0.000028
830.00 0.000027
830.50 0.000036
831.00 0.000037
831.50 0.000044
832.00 0.000083
832.50 0.000045
833.00 0.000059
833.50 0.000014
834.00 0.000055
834.50 0.000046
835.00 0.000029
835.50 0.000012
836.00 0.000042
836.50 0.000101
837.00 0.000068
837.50 0.000040
838.00 0.000042
838.50 0.000013
839.00 0.000093
839.50 0.000072
840.00 0.000046
840.50 0.000029
841.00 0.000046
841.50 0.000009
842.00 0.000076
842.50 0.000063
843.00 0.000120
843.50 0.000059
844.00 0.000030
844.50 0.000034
845.00 0.000010
845.50 0.000081
846.00 0.000057
846.50 0.000041
847.00 0.000089
847.50 0.000035
848.00 0.000072
848.50 0.000089
849.00 0.000141
849.50 0.000026
850.00 -0.000063
850.50 0.000071
851.00 0.000048
851.50 0.000080
852.00 -0.000010
852.50 -0.000006
853.00 0.000080
853.50 0.000155
854.00 0.000007
854.50 0.000087
855.00 0.000092
855.50 0.000048
856.00 -0.000038
856.50 -0.000034
857.00 0.000166
857.50 -0.000155
858.00 0.000232
858.50 -0.000009
859.00 0.000277
859.50 0.000084
860.00 -0.000292
860.50 -0.000018
861.00 0.000090
861.50 0.000245
862.00 0.000192
862.50 0.000046
863.00 0.000037
863.50 -0.000109
864.00 0.000021
864.50 0.000137
865.00 0.000169
865.50 -0.000374
866.00 0.000169
866.50 0.000316
867.00 0.000109
867.50 0.000293
868.00 0.000415
868.50 0.000272
869.00 0.000220
869.50 -0.000203
870.00 -0.000129
870.50 0.000164
871.00 -0.000699
871.50 -0.000169
872.00 -0.000189
872.50 0.000313
873.00 -0.000441
873.50 -0.000214
874.00 0.000498
874.50 -0.000056
875.00 -0.001028
875.50 0.000470
876.00 -0.000490
876.50 0.000606
877.00 0.000758
877.50 -0.000788
878.00 0.000099
878.50 -0.000568
879.00 0.000303
879.50 0.001035
880.00 0.000057
880.50 0.001376
881.00 0.000517
881.50 0.001315
882.00 0.001243
882.50 0.000926
883.00 0.001521
883.50 -0.000989
884.00 0.000265
884.50 0.001688
885.00 -0.001930
885.50 -0.000522
886.00 -0.001161
886.50 0.001536
887.00 0.002853
887.50 -0.000457
888.00 -0.004544
888.50 -0.000712
889.00 0.001924
889.50 0.001033
890.00 0.000183
890.50 0.000990
891.00 0.001560
891.50 0.000990
892.00 -0.002409
892.50 -0.000474
893.00 -0.001480
893.50 -0.000365
894.00 0.001243
894.50 0.001221
895.00 0.002964
895.50 -0.004839
896.00 -0.001793
896.50 -0.002618
897.00 0.000686
897.50 -0.003113
898.00 -0.000886
898.50 0.003335
899.00 -0.000150
899.50 0.000310
900.00 0.000058
900.50 0.000257
901.00 -0.000050
901.50 0.000339
902.00 0.000482
902.50 -0.000165
903.00 -0.000047
903.50 0.000067
904.00 0.000151
904.50 0.000383
905.00 0.000053
905.50 0.000456
906.00 -0.000071
906.50 -0.000109
907.00 0.000179
907.50 0.000216
908.00 -0.000092
908.50 0.000010
909.00 -0.000151
909.50 0.000243
910.00 0.000142
910.50 0.000177
911.00 0.000175
911.50 0.000206
912.00 0.000042
912.50 -0.000095
913.00 0.000246
913.50 -0.000093
914.00 0.000261
914.50 0.000106
915.00 0.000257
915.50 0.000199
916.00 -0.000077
916.50 0.000048
917.00 0.000173
917.50 0.000364
918.00 -0.000013
918.50 0.000067
919.00 -0.000003
919.50 0.000065
920.00 0.000123
920.50 0.000188
921.00 -0.000031
921.50 0.000138
922.00 -0.000031
922.50 -0.000012
923.00 0.000334
923.50 -0.000047
924.00 0.000077
924.50 0.000250
925.00 -0.000011
925.50 -0.000020
926.00 0.000142
926.50 0.000099
927.00 -0.000019
927.50 0.000105
928.00 0.000031
928.50 0.000313
929.00 0.000215
929.50 0.000093
930.00 0.000006
930.50 -0.000010
931.00 0.000283
931.50 0.000144
932.00 0.000234
932.50 0.000021
933.00 0.000028
933.50 0.000043
934.00 0.000093
934.50 -0.000038
935.00 0.000049
935.50 0.000119
936.00 0.000006
936.50 -0.000057
937.00 0.000102
937.50 0.000013
938.00 0.000141
938.50 -0.000102
939.00 0.000032
939.50 0.000138
940.00 -0.000014
940.50 0.000115
941.00 -0.000027
941.50 -0.000007
942.00 0.000113
942.50 -0.000039
943.00 -0.000045
943.50 0.000023
944.00 0.000067
944.50 -0.000019
945.00 0.000125
945.50 0.000172
946.00 0.000124
946.50 -0.000036
947.00 0.000150
947.50 0.000028
948.00 0.000057
948.50 0.000136
949.00 0.000067
949.50 -0.000034
950.00 0.000105
950.50 0.000027
951.00 0.000103
951.50 -0.000012
952.00 0.000165
952.50 0.000063
953.00 0.000047
953.50 0.000140
954.00 -0.000001
954.50 0.000056
955.00 -0.000052
955.50 0.000065
956.00 0.000045
956.50 0.000105
957.00 -0.000010
957.50 0.000083
958.00 0.000186
958.50 -0.000054
959.00 0.000129
959.50 -0.000101
960.00 0.000009
960.50 0.000098
961.00 -0.000015
961.50 -0.000038
962.00 0.000083
962.50 0.000036
963.00 0.000054
963.50 0.000103
964.00 0.000174
964.50 0.000115
965.00 -0.000001
965.50 0.000039
966.00 0.000087
966.50 -0.000009
967.00 0.000068
967.50 0.000055
968.00 -0.000018
968.50 0.000012
969.00 0.000041
969.50 0.000004
970.00 0.000062
970.50 0.000032
971.00 0.000032
971.50 0.000040
972.00 -0.000005
972.50 0.000117
973.00 0.000052
973.50 0.000035
974.00 0.000043
974.50 0.000055
975.00 0.000035
975.50 -0.000004
976.00 0.000015
976.50 0.000154
977.00 -0.000043
977.50 -0.000004
978.00 0.000076
978.50 0.000045
979.00 0.000022
979.50 0.000078
980.00 0.000055
980.50 0.000078
981.00 0.000015
981.50 0.000036
982.00 0.000032
982.50 0.000018
983.00 -0.000026
983.50 0.000018
984.00 -0.000011
984.50 -0.000004
985.00 -0.000018
985.50 0.000003
986.00 0.000056
986.50 0.000059
987.00 0.000024
987.50 0.000017
988.00 0.000096
988.50 0.000007
989.00 0.000061
989.50 0.000051
990.00 0.000030
990.50 0.000040
991.00 0.000073
991.50 -0.000040
992.00 0.000085
992.50 0.000097
993.00 -0.000068
993.50 0.000080
994.00 0.000035
994.50 0.000019
995.00 0.000025
995.50 -0.000016
996.00 0.000059
996.50 0.000034
997.00 0.000043
997.50 0.000065
998.00 0.000024
998.50 0.000024
999.00 0.000051
999.50 -0.000000
1000.00 0.000072
1000.50 -0.000000
1001.00 0.000012
1001.50 0.000056
1002.00 -0.000035
1002.50 0.000084
1003.00 0.000063
1003.50 -0.000035
1004.00 0.000011
1004.50 0.000051
1005.00 0.000006
1005.50 0.000073
1006.00 0.000045
1006.50 0.000017
1007.00 0.000050
1007.50 0.000082
1008.00 -0.000044
1008.50 0.000098
1009.00 0.000038
1009.50 0.000011
1010.00 0.000091
1010.50 0.000099
1011.00 0.000051
1011.50 -0.000016
1012.00 0.000040
1012.50 0.000053
1013.00 0.000008
1013.50 0.000068
1014.00 0.000106
1014.50 -0.000026
1015.00 0.000054
1015.50 0.000018
1016.00 0.000020
1016.50 0.000043
1017.00 0.000060
1017.50 0.000083
1018.00 0.000080
1018.50 0.000022
1019.00 -0.000017
1019.50 0.000114
1020.00 0.000059
1020.50 0.000044
1021.00 -0.000017
1021.50 0.000022
1022.00 0.000102
1022.50 0.000051
1023.00 -0.000000
1023.50 -0.000026
1024.00 0.000091
1024.50 0.000028
1025.00 0.000016
1025.50 0.000038
1026.00 0.000063
1026.50 -0.000000
1027.00 0.000061
1027.50 0.000081
1028.00 -0.000016
1028.50 0.000041
1029.00 0.000081
1029.50 0.000055
1030.00 0.000036
1030.50 0.000091
1031.00 0.000063
1031.50 0.000011
1032.00 0.000051
1032.50 -0.000051
1033.00 0.000069
1033.50 0.000092
1034.00 0.000044
1034.50 -0.000007
1035.00 0.000060
1035.50 0.000020
1036.00 -0.000009
1036.50 0.000000
1037.00 0.000080
1037.50 0.000074
1038.00 0.000022
1038.50 0.000060
1039.00 0.000054
1039.50 0.000032
1040.00 0.000039
1040.50 0.000115
1041.00 0.000085
1041.50 0.000038
1042.00 0.000072
1042.50 0.000029
1043.00 0.000048
1043.50 0.000040
1044.00 0.000071
1044.50 0.000037
1045.00 0.000074
1045.50 0.000120
1046.00 0.000004
1046.50 0.000023
1047.00 0.000031
1047.50 0.000092
1048.00 0.000102
1048.50 0.000071
1049.00 0.000014
1049.50 0.000026
1050.00 0.000046
1050.50 0.000040
1051.00 0.000062
1051.50 0.000058
1052.00 0.000048
1052.50 0.000028
1053.00 -0.000002
1053.50 0.000034
1054.00 0.000115
1054.50 0.000056
1055.00 -0.000010
1055.50 0.000047
1056.00 0.000043
1056.50 0.000055
1057.00 0.000051
1057.50 0.000093
1058.00 0.000051
1058.50 0.000054
1059.00 0.000069
1059.50 0.000073
1060.00 0.000039
1060.50 0.000040
1061.00 0.000052
1061.50 0.000082
1062.00 0.000015
1062.50 0.000049
1063.00 0.000029
1063.50 0.000110
1064.00 0.000109
1064.50 0.000023
1065.00 0.000062
1065.50 0.000053
1066.00 0.000070
1066.50 0.000085
1067.00 0.000069
1067.50 0.000067
1068.00 0.000108
1068.50 0.000074
1069.00 0.000115
1069.50 0.000078
1070.00 0.000061
1070.50 0.000050
1071.00 0.000160
1071.50 0.000042
1072.00 0.000101
1072.50 0.000116
1073.00 0.000071
1073.50 0.000065
1074.00 0.000102
1074.50 0.000049
1075.00 0.000096
1075.50 0.000089
1076.00 0.000116
1076.50 0.000078
1077.00 0.000095
1077.50 0.000063
1078.00 0.000119
1078.50 0.000098
1079.00 0.000079
1079.50 0.000103
1080.00 0.000105
1080.50 0.000078
1081.00 0.000103
1081.50 0.000151
1082.00 0.000090
1082.50 0.000096
1083.00 0.000115
1083.50 0.000134
1084.00 0.000149
1084.50 0.000136
1085.00 0.000120
1085.50 0.000142
1086.00 0.000076
1086.50 0.000133
1087.00 0.000162
1087.50 0.000166
1088.00 0.000103
1088.50 0.000162
1089.00 0.000176
1089.50 0.000139
1090.00 0.000131
1090.50 0.000164
1091.00 0.000152
1091.50 0.000139
1092.00 0.000172
1092.50 0.000131
1093.00 0.000168
1093.50 0.000156
1094.00 0.000182
1094.50 0.000148
1095.00 0.000170
1095.50 0.000176
1096.00 0.000197
1096.50 0.000152
1097.00 0.000184
1097.50 0.000223
1098.00 0.000223
1098.50 0.000188
1099.00 0.000151
1099.50 0.000204
1100.00 0.000250
