200.20 0.000010
200.40 0.000010
200.60 0.000027
200.80 0.000026
201.00 -0.000004
201.20 -0.000011
201.40 0.000010
201.60 0.000020
201.80 0.000017
202.00 0.000011
202.20 -0.000005
202.40 0.000003
202.60 0.000010
202.80 0.000037
203.00 0.000003
203.20 -0.000015
203.40 0.000014
203.60 0.000007
203.80 -0.000012
204.00 0.000013
204.20 0.000006
204.40 0.000004
204.60 0.000019
204.80 -0.000010
205.00 0.000006
205.20 0.000006
205.40 0.000007
205.60 0.000027
205.80 -0.000004
206.00 0.000003
206.20 -0.000008
206.40 0.000008
206.60 0.000025
206.80 -0.000008
207.00 0.000000
207.20 0.000019
207.40 0.000000
207.60 0.000001
207.80 -0.000008
208.00 -0.000001
208.20 0.000021
208.40 0.000008
208.60 0.000007
208.80 -0.000013
209.00 0.000026
209.20 0.000011
209.40 0.000019
209.60 0.000035
209.80 0.000001
210.00 0.000022
210.20 0.000027
210.40 0.000005
210.60 0.000029
210.80 0.000021
211.00 0.000001
211.20 0.000014
211.40 0.000006
211.60 0.000036
211.80 -0.000012
212.00 0.000020
212.20 -0.000009
212.40 -0.000027
212.60 -0.000005
212.80 -0.000009
213.00 -0.000001
213.20 -0.000021
213.40 0.000007
213.60 -0.000008
213.80 0.000025
214.00 0.000000
214.20 0.000003
214.40 0.000007
214.60 0.000012
214.80 0.000013
215.00 -0.000015
215.20 -0.000001
215.40 0.000007
215.60 0.000000
215.80 -0.000008
216.00 0.000011
216.20 -0.000005
216.40 0.000009
216.60 -0.000004
216.80 -0.000004
217.00 0.000015
217.20 0.000017
217.40 0.000022
217.60 0.000013
217.80 -0.000017
218.00 0.000013
218.20 0.000010
218.40 0.000021
218.60 0.000008
218.80 -0.000022
219.00 -0.000005
219.20 -0.000019
219.40 -0.000014
219.60 0.000000
219.80 0.000010
220.00 -0.000004
220.20 -0.000012
220.40 0.000014
220.60 0.000001
220.80 0.000022
221.00 0.000023
221.20 -0.000024
221.40 -0.000001
221.60 -0.000002
221.80 0.000002
222.00 0.000019
222.20 0.000018
222.40 0.000003
222.60 0.000035
222.80 0.000005
223.00 0.000018
223.20 0.000023
223.40 0.000014
223.60 -0.000005
223.80 -0.000004
224.00 0.000004
224.20 -0.000011
224.40 0.000019
224.60 0.000012
224.80 0.000012
225.00 0.000001
225.20 -0.000001
225.40 0.000000
225.60 0.000029
225.80 0.000015
226.00 0.000000
226.20 -0.000013
226.40 -0.000004
226.60 0.000027
226.80 -0.000004
227.00 -0.000023
227.20 -0.000011
227.40 0.000026
227.60 0.000034
227.80 0.000018
228.00 0.000010
228.20 0.000009
228.40 0.000008
228.60 0.000012
228.80 0.000018
229.00 0.000001
229.20 -0.000001
229.40 0.000010
229.60 0.000028
229.80 0.000003
230.00 0.000000
230.20 0.000010
230.40 0.000004
230.60 0.000019
230.80 0.000010
231.00 0.000006
231.20 0.000004
231.40 0.000002
231.60 -0.000015
231.80 0.000006
232.00 0.000027
232.20 -0.000011
232.40 0.000005
232.60 0.000015
232.80 -0.000002
233.00 0.000007
233.20 0.000025
233.40 0.000005
233.60 0.000005
233.80 0.000012
234.00 0.000015
234.20 0.000002
234.40 -0.000006
234.60 0.000008
234.80 0.000014
235.00 0.000009
235.20 0.000021
235.40 0.000024
235.60 0.000008
235.80 0.000012
236.00 0.000010
236.20 -0.000009
236.40 0.000001
236.60 -0.000003
236.80 0.000008
237.00 0.000003
237.20 0.000001
237.40 0.000002
237.60 0.000008
237.80 0.000021
238.00 0.000019
238.20 -0.000006
238.40 0.000001
238.60 -0.000002
238.80 0.000018
239.00 0.000014
239.20 -0.000011
239.40 0.000013
239.60 0.000005
239.80 0.000017
240.00 0.000015
240.20 0.000005
240.40 -0.000006
240.60 0.000021
240.80 0.000019
241.00 0.000016
241.20 -0.000008
241.40 0.000013
241.60 0.000021
241.80 0.000008
242.00 0.000025
242.20 0.000009
242.40 0.000002
242.60 -0.000001
242.80 0.000015
243.00 0.000014
243.20 0.000005
243.40 0.000013
243.60 0.000015
243.80 0.000012
244.00 -0.000007
244.20 0.000003
244.40 0.000006
244.60 0.000018
244.80 0.000003
245.00 0.000021
245.20 0.000015
245.40 -0.000001
245.60 0.000012
245.80 0.000002
246.00 0.000006
246.20 -0.000003
246.40 0.000012
246.60 0.000021
246.80 0.000005
247.00 -0.000005
247.20 0.000009
247.40 0.000014
247.60 -0.000013
247.80 0.000004
248.00 -0.000012
248.20 0.000029
248.40 0.000025
248.60 -0.000006
248.80 -0.000002
249.00 0.000005
249.20 0.000009
249.40 -0.000017
249.60 -0.000002
249.80 0.000018
250.00 -0.000012
250.20 0.000027
250.40 0.000007
250.60 -0.000008
250.80 0.000001
251.00 0.000014
251.20 0.000032
251.40 0.000018
251.60 0.000017
251.80 -0.000007
252.00 -0.000002
252.20 0.000006
252.40 0.000021
252.60 -0.000000
252.80 0.000003
253.00 -0.000005
253.20 -0.000003
253.40 0.000013
253.60 0.000003
253.80 0.000003
254.00 0.000019
254.20 -0.000007
254.40 -0.000002
254.60 0.000004
254.80 0.000003
255.00 -0.000004
255.20 -0.000001
255.40 0.000008
255.60 -0.000019
255.80 0.000017
256.00 0.000016
256.20 0.000001
256.40 0.000013
256.60 0.000019
256.80 -0.000006
257.00 0.000008
257.20 0.000017
257.40 0.000002
257.60 0.000014
257.80 -0.000006
258.00 0.000018
258.20 -0.000005
258.40 0.000003
258.60 -0.000006
258.80 0.000000
259.00 0.000002
259.20 -0.000009
259.40 0.000015
259.60 -0.000002
259.80 0.000007
260.00 0.000022
260.20 0.000003
260.40 0.000004
260.60 0.000021
260.80 0.000033
261.00 -0.000010
261.20 0.000001
261.40 0.000003
261.60 0.000018
261.80 0.000015
262.00 -0.000010
262.20 0.000026
262.40 0.000008
262.60 -0.000012
262.80 -0.000007
263.00 0.000011
263.20 0.000018
263.40 -0.000017
263.60 0.000007
263.80 0.000013
264.00 0.000003
264.20 -0.000027
264.40 0.000001
264.60 -0.000000
264.80 0.000019
265.00 -0.000008
265.20 -0.000002
265.40 0.000009
265.60 0.000009
265.80 -0.000008
266.00 -0.000000
266.20 0.000003
266.40 0.000007
266.60 -0.000009
266.80 0.000010
267.00 0.000012
267.20 -0.000008
267.40 0.000021
267.60 -0.000002
267.80 0.000015
268.00 -0.000001
268.20 0.000006
268.40 0.000012
268.60 0.000014
268.80 -0.000000
269.00 -0.000003
269.20 0.000028
269.40 -0.000011
269.60 0.000018
269.80 -0.000005
270.00 0.000025
270.20 0.000031
270.40 -0.000000
270.60 -0.000002
270.80 0.000012
271.00 -0.000010
271.20 0.000007
271.40 -0.000006
271.60 0.000017
271.80 -0.000007
272.00 0.000003
272.20 -0.000001
272.40 -0.000009
272.60 0.000002
272.80 0.000019
273.00 -0.000015
273.20 -0.000003
273.40 0.000034
273.60 0.000017
273.80 -0.000009
274.00 0.000005
274.20 0.000012
274.40 0.000017
274.60 0.000004
274.80 0.000012
275.00 -0.000000
275.20 0.000013
275.40 0.000004
275.60 -0.000018
275.80 0.000007
276.00 0.000011
276.20 0.000025
276.40 0.000010
276.60 0.000007
276.80 -0.000001
277.00 -0.000009
277.20 -0.000001
277.40 -0.000012
277.60 -0.000008
277.80 0.000016
278.00 0.000010
278.20 0.000010
278.40 0.000017
278.60 0.000004
278.80 0.000050
279.00 -0.000002
279.20 0.000007
279.40 -0.000015
279.60 -0.000013
279.80 -0.000016
280.00 0.000007
280.20 -0.000003
280.40 0.000006
280.60 -0.000004
280.80 -0.000008
281.00 0.000011
281.20 0.000016
281.40 0.000024
281.60 0.000007
281.80 0.000007
282.00 -0.000007
282.20 0.000004
282.40 0.000020
282.60 -0.000006
282.80 -0.000000
283.00 0.000008
283.20 -0.000002
283.40 -0.000017
283.60 0.000003
283.80 0.000017
284.00 -0.000013
284.20 0.000030
284.40 0.000036
284.60 0.000012
284.80 0.000009
285.00 -0.000003
285.20 -0.000001
285.40 0.000020
285.60 -0.000000
285.80 0.000006
286.00 0.000011
286.20 0.000008
286.40 0.000017
286.60 0.000031
286.80 0.000008
287.00 -0.000017
287.20 -0.000011
287.40 0.000018
287.60 -0.000014
287.80 0.000008
288.00 -0.000001
288.20 0.000013
288.40 -0.000011
288.60 0.000014
288.80 0.000012
289.00 0.000017
289.20 -0.000012
289.40 0.000028
289.60 -0.000001
289.80 0.000018
290.00 0.000012
290.20 0.000010
290.40 0.000043
290.60 0.000013
290.80 -0.000002
291.00 0.000003
291.20 0.000014
291.40 0.000021
291.60 0.000004
291.80 0.000004
292.00 0.000005
292.20 0.000002
292.40 -0.000005
292.60 0.000016
292.80 0.000003
293.00 -0.000009
293.20 0.000030
293.40 0.000013
293.60 0.000010
293.80 0.000025
294.00 0.000002
294.20 0.000023
294.40 0.000013
294.60 0.000028
294.80 -0.000009
295.00 0.000011
295.20 -0.000005
295.40 0.000014
295.60 0.000013
295.80 -0.000012
296.00 0.000003
296.20 0.000017
296.40 0.000014
296.60 0.000002
296.80 -0.000002
297.00 0.000011
297.20 -0.000003
297.40 0.000003
297.60 0.000016
297.80 0.000013
298.00 0.000019
298.20 0.000011
298.40 -0.000001
298.60 0.000017
298.80 -0.000008
299.00 0.000018
299.20 0.000014
299.40 0.000011
299.60 0.000005
299.80 0.000003
300.00 0.000037
300.20 0.000009
300.40 -0.000010
300.60 0.000013
300.80 0.000028
301.00 0.000015
301.20 -0.000007
301.40 0.000017
301.60 -0.000020
301.80 -0.000008
302.00 0.000013
302.20 -0.000003
302.40 0.000003
302.60 -0.000001
302.80 0.000017
303.00 0.000011
303.20 0.000009
303.40 0.000003
303.60 0.000004
303.80 0.000019
304.00 -0.000003
304.20 0.000021
304.40 -0.000003
304.60 0.000023
304.80 0.000023
305.00 0.000029
305.20 0.000028
305.40 0.000024
305.60 0.000019
305.80 0.000005
306.00 0.000007
306.20 0.000019
306.40 -0.000004
306.60 0.000006
306.80 -0.000004
307.00 -0.000009
307.20 0.000028
307.40 0.000011
307.60 0.000008
307.80 -0.000026
308.00 -0.000001
308.20 0.000002
308.40 0.000029
308.60 0.000020
308.80 0.000018
309.00 -0.000010
309.20 -0.000005
309.40 0.000009
309.60 0.000015
309.80 0.000020
310.00 0.000011
310.20 0.000019
310.40 0.000018
310.60 0.000010
310.80 0.000002
311.00 0.000002
311.20 -0.000007
311.40 -0.000008
311.60 0.000020
311.80 -0.000012
312.00 0.000011
312.20 0.000007
312.40 0.000007
312.60 0.000020
312.80 -0.000005
313.00 0.000012
313.20 0.000013
313.40 -0.000009
313.60 0.000029
313.80 -0.000021
314.00 0.000004
314.20 0.000002
314.40 -0.000003
314.60 0.000022
314.80 -0.000001
315.00 0.000001
315.20 0.000029
315.40 0.000017
315.60 0.000008
315.80 -0.000001
316.00 0.000013
316.20 0.000008
316.40 0.000029
316.60 0.000007
316.80 0.000015
317.00 -0.000000
317.20 -0.000001
317.40 -0.000010
317.60 0.000008
317.80 -0.000004
318.00 0.000002
318.20 0.000010
318.40 -0.000003
318.60 0.000007
318.80 0.000022
319.00 -0.000001
319.20 -0.000010
319.40 0.000008
319.60 0.000007
319.80 -0.000008
320.00 0.000016
320.20 0.000009
320.40 0.000007
320.60 0.000007
320.80 0.000002
321.00 0.000002
321.20 0.000013
321.40 -0.000009
321.60 0.000004
321.80 0.000001
322.00 0.000029
322.20 -0.000023
322.40 0.000025
322.60 0.000010
322.80 -0.000004
323.00 0.000016
323.20 0.000009
323.40 0.000012
323.60 -0.000000
323.80 0.000016
324.00 0.000016
324.20 0.000020
324.40 0.000014
324.60 0.000015
324.80 0.000017
325.00 -0.000003
325.20 -0.000004
325.40 -0.000018
325.60 -0.000013
325.80 -0.000009
326.00 -0.000009
326.20 0.000001
326.40 -0.000009
326.60 0.000009
326.80 0.000014
327.00 0.000008
327.20 -0.000022
327.40 -0.000005
327.60 0.000004
327.80 0.000006
328.00 0.000013
328.20 0.000022
328.40 0.000013
328.60 -0.000007
328.80 0.000006
329.00 0.000022
329.20 0.000016
329.40 0.000011
329.60 0.000009
329.80 0.000009
330.00 -0.000004
330.20 -0.000003
330.40 0.000002
330.60 -0.000000
330.80 -0.000005
331.00 0.000001
331.20 0.000017
331.40 0.000014
331.60 0.000020
331.80 0.000005
332.00 0.000037
332.20 0.000027
332.40 0.000023
332.60 0.000006
332.80 0.000015
333.00 0.000005
333.20 0.000034
333.40 0.000012
333.60 0.000042
333.80 -0.000005
334.00 0.000004
334.20 0.000020
334.40 0.000025
334.60 -0.000007
334.80 0.000021
335.00 0.000008
335.20 -0.000006
335.40 0.000016
335.60 -0.000008
335.80 0.000027
336.00 -0.000000
336.20 0.000024
336.40 0.000003
336.60 0.000010
336.80 0.000013
337.00 0.000015
337.20 0.000002
337.40 0.000008
337.60 -0.000002
337.80 0.000009
338.00 -0.000003
338.20 -0.000000
338.40 0.000001
338.60 0.000019
338.80 -0.000001
339.00 0.000028
339.20 0.000001
339.40 0.000003
339.60 0.000018
339.80 -0.000001
340.00 -0.000005
340.20 0.000002
340.40 0.000022
340.60 0.000003
340.80 0.000007
341.00 0.000005
341.20 0.000004
341.40 0.000015
341.60 0.000013
341.80 -0.000001
342.00 0.000017
342.20 0.000021
342.40 -0.000030
342.60 0.000002
342.80 0.000015
343.00 0.000015
343.20 -0.000003
343.40 0.000017
343.60 0.000001
343.80 0.000023
344.00 0.000002
344.20 -0.000007
344.40 0.000001
344.60 0.000030
344.80 0.000018
345.00 -0.000010
345.20 0.000009
345.40 0.000012
345.60 0.000017
345.80 -0.000007
346.00 0.000003
346.20 0.000007
346.40 0.000003
346.60 0.000018
346.80 -0.000000
347.00 -0.000004
347.20 0.000013
347.40 0.000016
347.60 0.000015
347.80 0.000008
348.00 -0.000021
348.20 0.000008
348.40 -0.000006
348.60 0.000005
348.80 0.000007
349.00 -0.000009
349.20 0.000009
349.40 0.000027
349.60 0.000005
349.80 0.000003
350.00 0.000027
350.20 0.000012
350.40 0.000025
350.60 0.000016
350.80 0.000002
351.00 0.000023
351.20 0.000005
351.40 0.000017
351.60 0.000024
351.80 0.000002
352.00 0.000010
352.20 0.000009
352.40 0.000016
352.60 0.000012
352.80 0.000001
353.00 0.000024
353.20 -0.000003
353.40 0.000024
353.60 0.000019
353.80 0.000007
354.00 0.000021
354.20 0.000020
354.40 0.000030
354.60 0.000012
354.80 0.000010
355.00 0.000021
355.20 0.000021
355.40 0.000013
355.60 0.000030
355.80 -0.000004
356.00 0.000014
356.20 0.000008
356.40 -0.000015
356.60 0.000008
356.80 0.000026
357.00 0.000019
357.20 0.000022
357.40 0.000005
357.60 0.000009
357.80 0.000002
358.00 0.000015
358.20 0.000004
358.40 0.000016
358.60 0.000012
358.80 0.000011
359.00 0.000025
359.20 0.000006
359.40 0.000023
359.60 0.000013
359.80 0.000005
360.00 0.000020
360.20 0.000039
360.40 0.000058
360.60 0.000021
360.80 0.000046
361.00 0.000033
361.20 -0.000001
361.40 0.000010
361.60 0.000026
361.80 0.000031
362.00 0.000005
362.20 0.000031
362.40 0.000028
362.60 0.000018
362.80 0.000022
363.00 0.000040
363.20 0.000027
363.40 0.000049
363.60 -0.000002
363.80 0.000028
364.00 0.000029
364.20 0.000038
364.40 0.000030
364.60 0.000026
364.80 0.000013
365.00 0.000032
365.20 0.000030
365.40 0.000024
365.60 0.000029
365.80 0.000031
366.00 0.000037
366.20 0.000017
366.40 0.000016
366.60 0.000015
366.80 0.000029
367.00 -0.000003
367.20 0.000024
367.40 0.000009
367.60 0.000021
367.80 0.000025
368.00 0.000030
368.20 0.000021
368.40 0.000018
368.60 0.000022
368.80 0.000005
369.00 0.000017
369.20 0.000030
369.40 0.000021
369.60 0.000031
369.80 0.000005
370.00 0.000025
370.20 0.000024
370.40 0.000022
370.60 0.000013
370.80 0.000031
371.00 0.000021
371.20 0.000014
371.40 0.000019
371.60 0.000015
371.80 0.000038
372.00 -0.000002
372.20 0.000018
372.40 0.000009
372.60 0.000015
372.80 0.000030
373.00 0.000029
373.20 0.000020
373.40 0.000019
373.60 0.000022
373.80 0.000010
374.00 0.000041
374.20 0.000036
374.40 0.000026
374.60 0.000027
374.80 0.000020
375.00 0.000017
375.20 0.000015
375.40 0.000015
375.60 0.000018
375.80 -0.000011
376.00 0.000024
376.20 0.000017
376.40 0.000020
376.60 0.000020
376.80 0.000020
377.00 0.000010
377.20 0.000011
377.40 0.000006
377.60 0.000024
377.80 0.000011
378.00 0.000021
378.20 0.000019
378.40 0.000020
378.60 0.000009
378.80 0.000020
379.00 0.000019
379.20 0.000014
379.40 0.000022
379.60 0.000042
379.80 0.000043
380.00 0.000018
380.20 0.000016
380.40 0.000025
380.60 0.000036
380.80 0.000035
381.00 0.000027
381.20 0.000042
381.40 0.000053
381.60 0.000050
381.80 0.000025
382.00 0.000061
382.20 0.000053
382.40 0.000054
382.60 0.000052
382.80 0.000061
383.00 0.000077
383.20 0.000075
383.40 0.000097
383.60 0.000124
383.80 0.000135
384.00 0.000177
384.20 0.000196
384.40 0.000269
384.60 0.000311
384.80 0.000383
385.00 0.000508
385.20 0.000611
385.40 0.000798
385.60 0.000943
385.80 0.001109
386.00 0.001285
386.20 0.001508
386.40 0.001647
386.60 0.001884
386.80 0.002046
387.00 0.002167
387.20 0.002281
387.40 0.002427
387.60 0.002444
387.80 0.002515
388.00 0.002628
388.20 0.002732
388.40 0.002780
388.60 0.002816
388.80 0.002975
389.00 0.003044
389.20 0.003102
389.40 0.003336
389.60 0.003345
389.80 0.003393
390.00 0.003445
390.20 0.003433
390.40 0.003311
390.60 0.003190
390.80 0.002975
391.00 0.002785
391.20 0.002535
391.40 0.002245
391.60 0.001934
391.80 0.001710
392.00 0.001454
392.20 0.001183
392.40 0.000972
392.60 0.000829
392.80 0.000661
393.00 0.000573
393.20 0.000443
393.40 0.000395
393.60 0.000286
393.80 0.000273
394.00 0.000215
394.20 0.000194
394.40 0.000192
394.60 0.000156
394.80 0.000143
395.00 0.000131
395.20 0.000112
395.40 0.000090
395.60 0.000103
395.80 0.000088
396.00 0.000074
396.20 0.000098
396.40 0.000081
396.60 0.000041
396.80 0.000058
397.00 0.000068
397.20 0.000046
397.40 0.000064
397.60 0.000076
397.80 0.000073
398.00 0.000079
398.20 0.000052
398.40 0.000062
398.60 0.000078
398.80 0.000071
399.00 0.000059
399.20 0.000074
399.40 0.000071
399.60 0.000074
399.80 0.000066
400.00 0.000097
400.20 0.000111
400.40 0.000133
400.60 0.000153
400.80 0.000193
401.00 0.000217
401.20 0.000259
401.40 0.000288
401.60 0.000363
401.80 0.000371
402.00 0.000424
402.20 0.000435
402.40 0.000448
402.60 0.000459
402.80 0.000454
403.00 0.000424
403.20 0.000391
403.40 0.000347
403.60 0.000300
403.80 0.000254
404.00 0.000201
404.20 0.000185
404.40 0.000129
404.60 0.000088
404.80 0.000088
405.00 0.000052
405.20 0.000055
405.40 0.000076
405.60 0.000056
405.80 0.000025
406.00 0.000032
406.20 0.000029
406.40 0.000008
406.60 0.000025
406.80 0.000030
407.00 0.000016
407.20 0.000025
407.40 0.000048
407.60 0.000017
407.80 0.000017
408.00 0.000007
408.20 0.000039
408.40 0.000025
408.60 0.000057
408.80 0.000019
409.00 0.000004
409.20 0.000010
409.40 0.000016
409.60 0.000022
409.80 0.000025
410.00 0.000025
410.20 0.000020
410.40 0.000027
410.60 -0.000001
410.80 0.000011
411.00 0.000021
411.20 0.000045
411.40 0.000020
411.60 0.000017
411.80 0.000009
412.00 -0.000017
412.20 0.000009
412.40 0.000026
412.60 0.000039
412.80 0.000006
413.00 0.000034
413.20 0.000013
413.40 0.000025
413.60 0.000038
413.80 0.000020
414.00 0.000007
414.20 -0.000005
414.40 0.000034
414.60 0.000010
414.80 -0.000005
415.00 0.000026
415.20 0.000003
415.40 0.000009
415.60 0.000016
415.80 0.000034
416.00 -0.000003
416.20 0.000049
416.40 0.000008
416.60 0.000047
416.80 -0.000009
417.00 0.000015
417.20 0.000011
417.40 0.000031
417.60 0.000001
417.80 0.000029
418.00 0.000042
418.20 0.000038
418.40 0.000009
418.60 0.000017
418.80 0.000044
419.00 0.000015
419.20 0.000015
419.40 0.000014
419.60 0.000029
419.80 0.000039
420.00 0.000023
420.20 0.000050
420.40 0.000040
420.60 0.000028
420.80 0.000037
421.00 0.000052
421.20 0.000045
421.40 0.000053
421.60 0.000051
421.80 0.000034
422.00 0.000049
422.20 0.000057
422.40 0.000061
422.60 0.000077
422.80 0.000091
423.00 0.000097
423.20 0.000095
423.40 0.000114
423.60 0.000102
423.80 0.000095
424.00 0.000131
424.20 0.000137
424.40 0.000156
424.60 0.000184
424.80 0.000197
425.00 0.000172
425.20 0.000208
425.40 0.000217
425.60 0.000255
425.80 0.000267
426.00 0.000289
426.20 0.000318
426.40 0.000341
426.60 0.000383
426.80 0.000381
427.00 0.000411
427.20 0.000446
427.40 0.000481
427.60 0.000558
427.80 0.000548
428.00 0.000611
428.20 0.000650
428.40 0.000700
428.60 0.000718
428.80 0.000792
429.00 0.000819
429.20 0.000919
429.40 0.000936
429.60 0.001000
429.80 0.001063
430.00 0.001148
430.20 0.001216
430.40 0.001280
430.60 0.001371
430.80 0.001451
431.00 0.001499
431.20 0.001601
431.40 0.001708
431.60 0.001785
431.80 0.001889
432.00 0.002032
432.20 0.002127
432.40 0.002231
432.60 0.002394
432.80 0.002505
433.00 0.002635
433.20 0.002807
433.40 0.002967
433.60 0.003167
433.80 0.003318
434.00 0.003476
434.20 0.003718
434.40 0.003855
434.60 0.004086
434.80 0.004336
435.00 0.004572
435.20 0.004798
435.40 0.005044
435.60 0.005347
435.80 0.005614
436.00 0.005996
436.20 0.006298
436.40 0.006541
436.60 0.007003
436.80 0.007303
437.00 0.007713
437.20 0.008105
437.40 0.008657
437.60 0.009106
437.80 0.009598
438.00 0.010131
438.20 0.010789
438.40 0.011353
438.60 0.012063
438.80 0.012703
439.00 0.013441
439.20 0.014172
439.40 0.015047
439.60 0.015906
439.80 0.016829
440.00 0.017918
440.20 0.018935
440.40 0.020161
440.60 0.021316
440.80 0.022614
441.00 0.024024
441.20 0.025637
441.40 0.027261
441.60 0.029145
441.80 0.030906
442.00 0.032865
442.20 0.034935
442.40 0.037317
442.60 0.039835
442.80 0.042551
443.00 0.045579
443.20 0.048451
443.40 0.051785
443.60 0.055487
443.80 0.059426
444.00 0.063718
444.20 0.068477
444.40 0.073361
444.60 0.078872
444.80 0.084458
445.00 0.090766
445.20 0.097960
445.40 0.105573
445.60 0.114035
445.80 0.122757
446.00 0.132493
446.20 0.143042
446.40 0.155287
446.60 0.167604
446.80 0.182599
447.00 0.198196
447.20 0.214364
447.40 0.232305
447.60 0.253136
447.80 0.275803
448.00 0.300547
448.20 0.329659
448.40 0.360530
448.60 0.393476
448.80 0.428834
449.00 0.470353
449.20 0.516142
449.40 0.568574
449.60 0.625618
449.80 0.688598
450.00 0.758296
450.20 0.835236
450.40 0.923284
450.60 1.025697
450.80 1.141500
451.00 1.265645
451.20 1.404556
451.40 1.557246
451.60 1.732566
451.80 1.934688
452.00 2.162277
452.20 2.428235
452.40 2.714128
452.60 3.032544
452.80 3.395342
453.00 3.811984
453.20 4.313122
453.40 4.852359
453.60 5.486305
453.80 6.156662
454.00 6.944611
454.20 7.816743
454.40 8.809936
454.60 9.981760
454.80 11.246305
455.00 12.676571
455.20 14.181980
455.40 15.869980
455.60 17.758730
455.80 19.859182
456.00 22.165648
456.20 24.636286
456.40 27.158684
456.60 29.801632
456.80 32.700588
457.00 35.626465
457.20 38.688969
457.40 41.916054
457.60 45.109634
457.80 48.139759
458.00 51.133358
458.20 54.170322
458.40 56.974167
458.60 59.797924
458.80 62.314880
459.00 64.929878
459.20 67.032120
459.40 69.138954
459.60 71.010422
459.80 72.713829
460.00 74.234650
460.20 75.329025
460.40 76.553574
460.60 77.604027
460.80 78.739670
461.00 79.277893
461.20 79.664948
461.40 80.509727
461.60 81.076607
461.80 81.629753
462.00 82.173424
462.20 82.033745
462.40 82.470322
462.60 82.663269
462.80 83.046875
463.00 83.149117
463.20 83.110939
463.40 83.402649
463.60 83.588509
463.80 83.697395
464.00 83.663841
464.20 83.843399
464.40 83.721695
464.60 83.849510
464.80 83.974358
465.00 83.850006
465.20 83.995415
465.40 83.796600
465.60 83.829102
465.80 83.739700
466.00 84.039818
466.20 83.476700
466.40 83.750412
466.60 83.402000
466.80 83.565590
467.00 83.519981
467.20 83.339920
467.40 83.277008
467.60 83.353889
467.80 82.903847
468.00 83.305084
468.20 82.907265
468.40 82.719131
468.60 82.808945
468.80 82.751907
469.00 82.134651
469.20 82.437157
469.40 82.348289
469.60 82.132133
469.80 82.160660
470.00 82.140381
470.20 81.885910
470.40 81.855927
470.60 81.474472
470.80 81.261574
471.00 81.140961
471.20 81.162827
471.40 80.433586
471.60 80.019318
471.80 79.607628
472.00 79.014595
472.20 78.516457
472.40 77.625725
472.60 76.520248
472.80 75.295273
473.00 74.140327
473.20 72.738113
473.40 71.226898
473.60 69.405029
473.80 67.390266
474.00 65.209045
474.20 63.036366
474.40 60.653652
474.60 58.055412
474.80 55.283928
475.00 52.376644
475.20 49.416931
475.40 46.611320
475.60 43.735104
475.80 40.729435
476.00 37.808041
476.20 34.859241
476.40 32.153828
476.60 29.517445
476.80 27.159687
477.00 24.838633
477.20 22.588242
477.40 20.522808
477.60 18.600115
477.80 16.812340
478.00 15.270265
478.20 13.840691
478.40 12.474380
478.60 11.244352
478.80 10.106258
479.00 9.069466
479.20 8.184239
479.40 7.419945
479.60 6.731608
479.80 6.088372
480.00 5.502977
480.20 4.967631
480.40 4.473060
480.60 4.065500
480.80 3.705741
481.00 3.368767
481.20 3.069456
481.40 2.781253
481.60 2.524519
481.80 2.300129
482.00 2.108794
482.20 1.931566
482.40 1.769126
482.60 1.618597
482.80 1.483053
483.00 1.360680
483.20 1.250298
483.40 1.152009
483.60 1.065830
483.80 0.984269
484.00 0.906186
484.20 0.836585
484.40 0.772904
484.60 0.715286
484.80 0.665973
485.00 0.619065
485.20 0.573383
485.40 0.532673
485.60 0.494077
485.80 0.460385
486.00 0.429720
486.20 0.402166
486.40 0.376422
486.60 0.350075
486.80 0.327609
487.00 0.306000
487.20 0.287293
487.40 0.269819
487.60 0.253391
487.80 0.238429
488.00 0.223642
488.20 0.210225
488.40 0.197710
488.60 0.186393
488.80 0.175878
489.00 0.165885
489.20 0.157074
489.40 0.147774
489.60 0.140322
489.80 0.132131
490.00 0.125238
490.20 0.119114
490.40 0.113030
490.60 0.106894
490.80 0.101585
491.00 0.096278
491.20 0.091577
491.40 0.087332
491.60 0.083116
491.80 0.079428
492.00 0.075207
492.20 0.071862
492.40 0.068316
492.60 0.065396
492.80 0.062414
493.00 0.059808
493.20 0.057147
493.40 0.054556
493.60 0.052107
493.80 0.049837
494.00 0.047836
494.20 0.045836
494.40 0.043871
494.60 0.042118
494.80 0.040457
495.00 0.038725
495.20 0.037178
495.40 0.035738
495.60 0.034399
495.80 0.033135
496.00 0.031736
496.20 0.030614
496.40 0.029414
496.60 0.028546
496.80 0.027348
497.00 0.026291
497.20 0.025510
497.40 0.024517
497.60 0.023647
497.80 0.022838
498.00 0.021942
498.20 0.021332
498.40 0.020614
498.60 0.019946
498.80 0.019320
499.00 0.018648
499.20 0.018007
499.40 0.017451
499.60 0.016932
499.80 0.016419
500.00 0.015979
500.20 0.015505
500.40 0.014972
500.60 0.014410
500.80 0.014080
501.00 0.013689
501.20 0.013364
501.40 0.012966
501.60 0.012526
501.80 0.012267
502.00 0.011820
502.20 0.011563
502.40 0.011293
502.60 0.011028
502.80 0.010686
503.00 0.010357
503.20 0.010098
503.40 0.009864
503.60 0.009622
503.80 0.009424
504.00 0.009127
504.20 0.008985
504.40 0.008681
504.60 0.008503
504.80 0.008334
505.00 0.008156
505.20 0.007992
505.40 0.007755
505.60 0.007556
505.80 0.007370
506.00 0.007332
506.20 0.007088
506.40 0.006954
506.60 0.006763
506.80 0.006633
507.00 0.006519
507.20 0.006393
507.40 0.006282
507.60 0.006147
507.80 0.006065
508.00 0.005900
508.20 0.005769
508.40 0.005701
508.60 0.005598
508.80 0.005469
509.00 0.005413
509.20 0.005319
509.40 0.005175
509.60 0.005149
509.80 0.004988
510.00 0.004919
510.20 0.004832
510.40 0.004753
510.60 0.004647
510.80 0.004564
511.00 0.004512
511.20 0.004405
511.40 0.004364
511.60 0.004315
511.80 0.004236
512.00 0.004145
512.20 0.004094
512.40 0.004033
512.60 0.003983
512.80 0.003905
513.00 0.003844
513.20 0.003798
513.40 0.003751
513.60 0.003654
513.80 0.003643
514.00 0.003575
514.20 0.003502
514.40 0.003461
514.60 0.003419
514.80 0.003362
515.00 0.003344
515.20 0.003203
515.40 0.003219
515.60 0.003142
515.80 0.003121
516.00 0.003074
516.20 0.002982
516.40 0.002940
516.60 0.002899
516.80 0.002833
517.00 0.002808
517.20 0.002708
517.40 0.002655
517.60 0.002580
517.80 0.002583
518.00 0.002459
518.20 0.002373
518.40 0.002318
518.60 0.002214
518.80 0.002111
519.00 0.002047
519.20 0.001983
519.40 0.001901
519.60 0.001838
519.80 0.001747
520.00 0.001673
520.20 0.001599
520.40 0.001502
520.60 0.001431
520.80 0.001328
521.00 0.001278
521.20 0.001192
521.40 0.001118
521.60 0.001026
521.80 0.000968
522.00 0.000919
522.20 0.000859
522.40 0.000757
522.60 0.000767
522.80 0.000705
523.00 0.000660
523.20 0.000592
523.40 0.000554
523.60 0.000485
523.80 0.000470
524.00 0.000444
524.20 0.000407
524.40 0.000406
524.60 0.000354
524.80 0.000333
525.00 0.000300
525.20 0.000276
525.40 0.000254
525.60 0.000231
525.80 0.000220
526.00 0.000215
526.20 0.000183
526.40 0.000172
526.60 0.000173
526.80 0.000159
527.00 0.000156
527.20 0.000117
527.40 0.000122
527.60 0.000125
527.80 0.000100
528.00 0.000080
528.20 0.000082
528.40 0.000091
528.60 0.000089
528.80 0.000080
529.00 0.000068
529.20 0.000075
529.40 0.000067
529.60 0.000055
529.80 0.000085
530.00 0.000054
530.20 0.000058
530.40 0.000039
530.60 0.000031
530.80 0.000051
531.00 0.000043
531.20 0.000039
531.40 0.000054
531.60 0.000035
531.80 0.000043
532.00 0.000035
532.20 0.000028
532.40 0.000038
532.60 0.000019
532.80 0.000042
533.00 0.000026
533.20 0.000046
533.40 0.000029
533.60 0.000010
533.80 0.000025
534.00 0.000028
534.20 0.000032
534.40 0.000026
534.60 0.000029
534.80 0.000008
535.00 0.000032
535.20 0.000022
535.40 0.000019
535.60 0.000017
535.80 0.000034
536.00 0.000019
536.20 0.000024
536.40 -0.000003
536.60 0.000016
536.80 0.000015
537.00 0.000003
537.20 0.000012
537.40 0.000021
537.60 -0.000005
537.80 0.000012
538.00 0.000006
538.20 -0.000001
538.40 0.000033
538.60 0.000008
538.80 0.000022
539.00 0.000010
539.20 -0.000006
539.40 0.000018
539.60 0.000042
539.80 0.000027
540.00 0.000007
540.20 0.000023
540.40 -0.000003
540.60 0.000023
540.80 0.000002
541.00 0.000027
541.20 0.000023
541.40 -0.000006
541.60 -0.000003
541.80 0.000010
542.00 0.000013
542.20 0.000025
542.40 -0.000006
542.60 -0.000005
542.80 0.000005
543.00 -0.000004
543.20 0.000004
543.40 0.000005
543.60 0.000017
543.80 0.000023
544.00 0.000011
544.20 0.000027
544.40 0.000002
544.60 -0.000004
544.80 0.000011
545.00 0.000015
545.20 0.000014
545.40 0.000005
545.60 0.000014
545.80 0.000012
546.00 -0.000000
546.20 -0.000007
546.40 0.000001
546.60 0.000034
546.80 0.000013
547.00 0.000014
547.20 -0.000008
547.40 0.000017
547.60 -0.000009
547.80 0.000022
548.00 0.000002
548.20 -0.000007
548.40 0.000009
548.60 0.000002
548.80 0.000017
549.00 0.000015
549.20 0.000019
549.40 0.000017
549.60 0.000014
549.80 0.000010
550.00 -0.000010
550.20 -0.000003
550.40 0.000023
550.60 0.000015
550.80 -0.000003
551.00 0.000005
551.20 -0.000013
551.40 -0.000009
551.60 -0.000001
551.80 0.000026
552.00 0.000011
552.20 0.000010
552.40 0.000029
552.60 0.000001
552.80 0.000001
553.00 -0.000002
553.20 -0.000007
553.40 0.000013
553.60 0.000011
553.80 0.000024
554.00 0.000023
554.20 0.000006
554.40 0.000012
554.60 -0.000007
554.80 -0.000000
555.00 -0.000022
555.20 0.000023
555.40 0.000026
555.60 0.000004
555.80 0.000015
556.00 0.000009
556.20 0.000054
556.40 0.000009
556.60 -0.000004
556.80 -0.000021
557.00 0.000002
557.20 0.000007
557.40 0.000019
557.60 0.000028
557.80 -0.000014
558.00 -0.000010
558.20 0.000004
558.40 0.000013
558.60 0.000005
558.80 0.000010
559.00 0.000009
559.20 0.000028
559.40 -0.000016
559.60 -0.000000
559.80 0.000001
560.00 -0.000000
560.20 0.000014
560.40 -0.000007
560.60 0.000024
560.80 0.000020
561.00 -0.000010
561.20 0.000011
561.40 -0.000003
561.60 0.000013
561.80 0.000017
562.00 0.000014
562.20 -0.000001
562.40 -0.000001
562.60 0.000001
562.80 -0.000007
563.00 0.000013
563.20 -0.000000
563.40 -0.000007
563.60 0.000010
563.80 0.000014
564.00 0.000018
564.20 -0.000004
564.40 -0.000004
564.60 0.000014
564.80 -0.000009
565.00 0.000005
565.20 0.000029
565.40 0.000012
565.60 -0.000012
565.80 0.000009
566.00 0.000004
566.20 0.000013
566.40 0.000027
566.60 -0.000019
566.80 0.000021
567.00 -0.000000
567.20 -0.000010
567.40 0.000011
567.60 0.000025
567.80 0.000013
568.00 0.000030
568.20 0.000006
568.40 0.000008
568.60 -0.000010
568.80 0.000018
569.00 0.000002
569.20 0.000021
569.40 0.000017
569.60 0.000015
569.80 0.000028
570.00 -0.000012
570.20 0.000002
570.40 0.000013
570.60 -0.000019
570.80 0.000028
571.00 0.000004
571.20 -0.000016
571.40 0.000017
571.60 0.000004
571.80 0.000012
572.00 0.000009
572.20 0.000018
572.40 0.000008
572.60 0.000001
572.80 0.000013
573.00 -0.000003
573.20 0.000009
573.40 0.000037
573.60 0.000014
573.80 0.000015
574.00 0.000009
574.20 -0.000007
574.40 0.000027
574.60 -0.000000
574.80 -0.000002
575.00 -0.000008
575.20 0.000005
575.40 0.000015
575.60 0.000015
575.80 -0.000011
576.00 0.000022
576.20 0.000017
576.40 0.000027
576.60 0.000001
576.80 0.000009
577.00 0.000014
577.20 0.000045
577.40 -0.000003
577.60 0.000012
577.80 0.000004
578.00 0.000007
578.20 0.000041
578.40 0.000035
578.60 -0.000016
578.80 0.000008
579.00 0.000015
579.20 0.000030
579.40 0.000022
579.60 0.000041
579.80 0.000033
580.00 0.000009
580.20 0.000028
580.40 0.000033
580.60 0.000031
580.80 0.000017
581.00 0.000038
581.20 0.000027
581.40 0.000036
581.60 0.000020
581.80 0.000036
582.00 0.000025
582.20 0.000032
582.40 0.000041
582.60 0.000041
582.80 0.000014
583.00 0.000032
583.20 0.000040
583.40 0.000030
583.60 0.000017
583.80 0.000037
584.00 0.000017
584.20 0.000047
584.40 0.000036
584.60 0.000024
584.80 0.000042
585.00 0.000021
585.20 0.000014
585.40 0.000071
585.60 0.000010
585.80 0.000029
586.00 0.000016
586.20 0.000041
586.40 0.000021
586.60 0.000030
586.80 0.000030
587.00 0.000021
587.20 0.000024
587.40 0.000015
587.60 0.000019
587.80 0.000053
588.00 0.000007
588.20 0.000022
588.40 0.000013
588.60 0.000028
588.80 0.000024
589.00 0.000035
589.20 0.000004
589.40 0.000001
589.60 0.000055
589.80 0.000030
590.00 0.000010
590.20 0.000020
590.40 0.000023
590.60 0.000023
590.80 0.000003
591.00 0.000017
591.20 0.000022
591.40 0.000022
591.60 -0.000008
591.80 0.000002
592.00 0.000001
592.20 0.000022
592.40 0.000031
592.60 0.000016
592.80 0.000004
593.00 0.000012
593.20 -0.000004
593.40 0.000009
593.60 0.000012
593.80 -0.000005
594.00 0.000017
594.20 0.000015
594.40 0.000012
594.60 -0.000023
594.80 -0.000010
595.00 0.000006
595.20 0.000017
595.40 0.000013
595.60 0.000009
595.80 0.000024
596.00 0.000002
596.20 -0.000009
596.40 0.000026
596.60 0.000005
596.80 0.000027
597.00 0.000020
597.20 0.000003
597.40 0.000005
597.60 0.000017
597.80 0.000007
598.00 0.000024
598.20 0.000033
598.40 0.000008
598.60 -0.000017
598.80 0.000002
599.00 0.000023
599.20 0.000021
599.40 0.000022
599.60 0.000011
599.80 0.000024
600.00 0.000005
600.20 0.000004
600.40 0.000024
600.60 0.000007
600.80 -0.000022
601.00 0.000014
601.20 0.000008
601.40 0.000021
601.60 0.000009
601.80 0.000009
602.00 0.000004
602.20 -0.000003
602.40 -0.000007
602.60 -0.000002
602.80 0.000016
603.00 0.000020
603.20 -0.000013
603.40 -0.000006
603.60 0.000014
603.80 -0.000000
604.00 0.000022
604.20 0.000007
604.40 0.000032
604.60 -0.000001
604.80 0.000006
605.00 -0.000013
605.20 0.000008
605.40 0.000023
605.60 -0.000008
605.80 -0.000000
606.00 -0.000015
606.20 0.000020
606.40 -0.000006
606.60 0.000003
606.80 0.000003
607.00 0.000017
607.20 0.000017
607.40 0.000018
607.60 -0.000009
607.80 -0.000012
608.00 0.000009
608.20 -0.000003
608.40 -0.000001
608.60 0.000040
608.80 -0.000013
609.00 0.000031
609.20 0.000018
609.40 -0.000000
609.60 0.000022
609.80 0.000011
610.00 -0.000006
610.20 0.000001
610.40 0.000001
610.60 0.000032
610.80 0.000011
611.00 -0.000010
611.20 0.000034
611.40 -0.000008
611.60 0.000010
611.80 0.000014
612.00 0.000006
612.20 0.000007
612.40 0.000017
612.60 0.000028
612.80 0.000017
613.00 0.000021
613.20 0.000011
613.40 0.000016
613.60 0.000013
613.80 0.000006
614.00 0.000026
614.20 0.000016
614.40 0.000015
614.60 0.000009
614.80 0.000021
615.00 0.000002
615.20 0.000024
615.40 0.000002
615.60 0.000016
615.80 0.000010
616.00 0.000005
616.20 -0.000003
616.40 0.000013
616.60 0.000018
616.80 0.000029
617.00 0.000023
617.20 0.000015
617.40 0.000029
617.60 0.000019
617.80 0.000022
618.00 -0.000012
618.20 0.000019
618.40 0.000023
618.60 0.000020
618.80 0.000018
619.00 0.000030
619.20 0.000015
619.40 0.000019
619.60 0.000014
619.80 0.000024
620.00 0.000043
620.20 0.000025
620.40 0.000014
620.60 0.000010
620.80 0.000014
621.00 0.000022
621.20 0.000023
621.40 0.000019
621.60 0.000013
621.80 0.000003
622.00 0.000026
622.20 0.000028
622.40 0.000005
622.60 0.000017
622.80 0.000006
623.00 0.000029
623.20 -0.000000
623.40 0.000039
623.60 -0.000003
623.80 0.000015
624.00 -0.000007
624.20 0.000019
624.40 -0.000000
624.60 0.000036
624.80 0.000011
625.00 0.000006
625.20 0.000013
625.40 0.000001
625.60 0.000005
625.80 0.000022
626.00 0.000006
626.20 0.000005
626.40 0.000009
626.60 -0.000014
626.80 0.000009
627.00 0.000020
627.20 0.000032
627.40 -0.000000
627.60 0.000013
627.80 0.000001
628.00 -0.000007
628.20 0.000010
628.40 -0.000011
628.60 -0.000002
628.80 0.000001
629.00 0.000017
629.20 0.000017
629.40 -0.000020
629.60 0.000005
629.80 0.000020
630.00 0.000013
630.20 0.000020
630.40 0.000004
630.60 0.000012
630.80 0.000008
631.00 0.000034
631.20 -0.000011
631.40 -0.000018
631.60 0.000004
631.80 0.000015
632.00 -0.000000
632.20 0.000011
632.40 0.000002
632.60 0.000031
632.80 0.000013
633.00 0.000023
633.20 0.000007
633.40 -0.000019
633.60 0.000014
633.80 -0.000003
634.00 -0.000022
634.20 -0.000003
634.40 -0.000006
634.60 0.000001
634.80 -0.000001
635.00 -0.000003
635.20 0.000001
635.40 -0.000008
635.60 0.000004
635.80 -0.000006
636.00 -0.000006
636.20 0.000019
636.40 0.000010
636.60 -0.000003
636.80 0.000033
637.00 -0.000004
637.20 0.000007
637.40 0.000002
637.60 0.000022
637.80 -0.000005
638.00 0.000013
638.20 0.000007
638.40 0.000001
638.60 0.000036
638.80 -0.000015
639.00 -0.000005
639.20 -0.000007
639.40 0.000014
639.60 0.000021
639.80 0.000010
640.00 0.000009
640.20 -0.000006
640.40 -0.000000
640.60 0.000005
640.80 -0.000004
641.00 0.000040
641.20 0.000007
641.40 -0.000003
641.60 -0.000003
641.80 0.000015
642.00 -0.000000
642.20 0.000003
642.40 -0.000004
642.60 0.000014
642.80 0.000002
643.00 0.000001
643.20 0.000007
643.40 0.000012
643.60 0.000029
643.80 -0.000008
644.00 0.000040
644.20 0.000022
644.40 0.000008
644.60 0.000003
644.80 -0.000006
645.00 0.000030
645.20 0.000005
645.40 0.000016
645.60 0.000013
645.80 0.000016
646.00 0.000010
646.20 0.000015
646.40 0.000005
646.60 0.000019
646.80 0.000003
647.00 0.000009
647.20 0.000038
647.40 -0.000023
647.60 0.000001
647.80 0.000006
648.00 0.000014
648.20 0.000022
648.40 0.000006
648.60 0.000006
648.80 0.000015
649.00 0.000017
649.20 0.000018
649.40 -0.000009
649.60 -0.000000
649.80 0.000006
650.00 0.000001
650.20 0.000011
650.40 0.000012
650.60 0.000027
650.80 0.000018
651.00 0.000008
651.20 -0.000008
651.40 0.000013
651.60 -0.000017
651.80 -0.000004
652.00 0.000010
652.20 0.000007
652.40 0.000013
652.60 -0.000007
652.80 0.000003
653.00 0.000008
653.20 -0.000014
653.40 -0.000003
653.60 -0.000006
653.80 0.000007
654.00 -0.000001
654.20 0.000018
654.40 0.000007
654.60 -0.000010
654.80 -0.000015
655.00 0.000003
655.20 0.000011
655.40 0.000021
655.60 0.000002
655.80 0.000015
656.00 -0.000006
656.20 -0.000000
656.40 0.000001
656.60 -0.000002
656.80 0.000002
657.00 -0.000008
657.20 -0.000015
657.40 -0.000017
657.60 -0.000017
657.80 0.000010
658.00 0.000016
658.20 0.000017
658.40 0.000002
658.60 -0.000005
658.80 0.000016
659.00 0.000013
659.20 -0.000020
659.40 0.000003
659.60 0.000012
659.80 0.000004
660.00 -0.000003
660.20 -0.000013
660.40 -0.000032
660.60 -0.000005
660.80 -0.000000
661.00 0.000003
661.20 0.000005
661.40 -0.000006
661.60 0.000026
661.80 -0.000018
662.00 -0.000009
662.20 0.000007
662.40 -0.000017
662.60 0.000006
662.80 0.000006
663.00 0.000030
663.20 0.000020
663.40 0.000023
663.60 -0.000011
663.80 -0.000000
664.00 0.000015
664.20 0.000021
664.40 0.000005
664.60 -0.000008
664.80 -0.000009
665.00 -0.000008
665.20 0.000008
665.40 -0.000008
665.60 -0.000001
665.80 0.000025
666.00 -0.000010
666.20 -0.000000
666.40 -0.000019
666.60 -0.000018
666.80 -0.000003
667.00 -0.000003
667.20 0.000001
667.40 -0.000021
667.60 -0.000001
667.80 0.000016
668.00 0.000001
668.20 0.000002
668.40 -0.000009
668.60 -0.000001
668.80 -0.000025
669.00 0.000006
669.20 -0.000006
669.40 -0.000003
669.60 0.000013
669.80 0.000020
670.00 -0.000001
670.20 0.000001
670.40 -0.000000
670.60 0.000001
670.80 0.000006
671.00 0.000002
671.20 0.000007
671.40 -0.000012
671.60 -0.000000
671.80 -0.000005
672.00 0.000005
672.20 0.000013
672.40 0.000022
672.60 -0.000023
672.80 -0.000021
673.00 0.000010
673.20 0.000023
673.40 0.000030
673.60 -0.000011
673.80 -0.000008
674.00 0.000004
674.20 0.000017
674.40 0.000006
674.60 -0.000003
674.80 0.000001
675.00 -0.000001
675.20 0.000010
675.40 0.000008
675.60 -0.000011
675.80 0.000007
676.00 -0.000020
676.20 0.000015
676.40 -0.000011
676.60 -0.000013
676.80 -0.000007
677.00 -0.000005
677.20 -0.000005
677.40 -0.000023
677.60 -0.000000
677.80 -0.000008
678.00 0.000011
678.20 -0.000016
678.40 0.000006
678.60 0.000012
678.80 -0.000009
679.00 0.000002
679.20 -0.000024
679.40 -0.000010
679.60 -0.000012
679.80 0.000003
680.00 0.000008
680.20 0.000006
680.40 -0.000023
680.60 -0.000023
680.80 -0.000008
681.00 -0.000004
681.20 0.000017
681.40 -0.000017
681.60 -0.000012
681.80 0.000013
682.00 0.000013
682.20 0.000013
682.40 -0.000010
682.60 -0.000003
682.80 0.000017
683.00 0.000026
683.20 0.000017
683.40 -0.000019
683.60 -0.000009
683.80 0.000008
684.00 0.000009
684.20 -0.000017
684.40 0.000010
684.60 -0.000003
684.80 -0.000012
685.00 -0.000013
685.20 -0.000000
685.40 -0.000007
685.60 -0.000000
685.80 -0.000001
686.00 -0.000008
686.20 0.000003
686.40 0.000020
686.60 0.000002
686.80 -0.000028
687.00 -0.000023
687.20 -0.000025
687.40 0.000015
687.60 0.000002
687.80 0.000005
688.00 0.000014
688.20 0.000019
688.40 0.000012
688.60 -0.000004
688.80 -0.000003
689.00 -0.000019
689.20 -0.000010
689.40 0.000026
689.60 0.000013
689.80 0.000016
690.00 -0.000007
690.20 -0.000016
690.40 0.000002
690.60 -0.000004
690.80 0.000041
691.00 0.000018
691.20 0.000006
691.40 0.000010
691.60 0.000002
691.80 0.000005
692.00 -0.000006
692.20 0.000012
692.40 0.000010
692.60 0.000026
692.80 -0.000003
693.00 0.000019
693.20 -0.000005
693.40 -0.000000
693.60 0.000012
693.80 -0.000005
694.00 0.000001
694.20 0.000013
694.40 0.000003
694.60 0.000015
694.80 0.000006
695.00 0.000012
695.20 -0.000016
695.40 0.000004
695.60 -0.000007
695.80 -0.000005
696.00 0.000021
696.20 0.000003
696.40 -0.000001
696.60 0.000002
696.80 0.000003
697.00 -0.000000
697.20 0.000010
697.40 0.000007
697.60 0.000002
697.80 0.000006
698.00 -0.000015
698.20 0.000002
698.40 0.000000
698.60 -0.000024
698.80 -0.000000
699.00 0.000013
699.20 0.000006
699.40 0.000024
699.60 0.000008
699.80 -0.000010
700.00 0.000011
700.20 0.000018
700.40 0.000006
700.60 0.000008
700.80 0.000018
701.00 -0.000016
701.20 0.000029
701.40 -0.000012
701.60 -0.000010
701.80 -0.000001
702.00 0.000008
702.20 0.000001
702.40 -0.000007
702.60 -0.000004
702.80 0.000002
703.00 0.000003
703.20 0.000022
703.40 -0.000004
703.60 0.000007
703.80 -0.000008
704.00 -0.000014
704.20 -0.000000
704.40 0.000005
704.60 0.000001
704.80 -0.000009
705.00 0.000006
705.20 -0.000004
705.40 -0.000005
705.60 -0.000013
705.80 -0.000007
706.00 0.000002
706.20 0.000011
706.40 0.000007
706.60 0.000006
706.80 0.000006
707.00 0.000005
707.20 -0.000011
707.40 0.000002
707.60 0.000002
707.80 0.000012
708.00 0.000005
708.20 0.000015
708.40 0.000003
708.60 0.000006
708.80 -0.000001
709.00 -0.000001
709.20 0.000014
709.40 0.000006
709.60 -0.000018
709.80 -0.000005
710.00 -0.000001
710.20 -0.000000
710.40 0.000001
710.60 0.000016
710.80 0.000014
711.00 0.000001
711.20 0.000000
711.40 -0.000006
711.60 -0.000007
711.80 0.000007
712.00 0.000002
712.20 0.000009
712.40 0.000016
712.60 0.000028
712.80 0.000007
713.00 0.000001
713.20 0.000011
713.40 0.000007
713.60 -0.000005
713.80 -0.000015
714.00 -0.000005
714.20 0.000006
714.40 0.000016
714.60 0.000017
714.80 -0.000022
715.00 -0.000006
715.20 0.000009
715.40 -0.000004
715.60 -0.000005
715.80 0.000007
716.00 0.000001
716.20 -0.000009
716.40 0.000022
716.60 0.000008
716.80 -0.000020
717.00 0.000020
717.20 0.000019
717.40 0.000015
717.60 0.000028
717.80 0.000004
718.00 -0.000008
718.20 -0.000003
718.40 0.000017
718.60 -0.000015
718.80 -0.000006
719.00 -0.000016
719.20 0.000005
719.40 0.000008
719.60 -0.000000
719.80 -0.000016
720.00 -0.000005
720.20 0.000016
720.40 -0.000003
720.60 -0.000011
720.80 0.000001
721.00 -0.000002
721.20 -0.000011
721.40 0.000002
721.60 0.000013
721.80 0.000016
722.00 0.000002
722.20 0.000019
722.40 -0.000021
722.60 -0.000000
722.80 -0.000012
723.00 0.000004
723.20 -0.000000
723.40 0.000008
723.60 -0.000000
723.80 -0.000003
724.00 0.000022
724.20 -0.000010
724.40 0.000015
724.60 0.000003
724.80 0.000011
725.00 -0.000007
725.20 0.000015
725.40 -0.000001
725.60 0.000019
725.80 0.000016
726.00 -0.000003
726.20 0.000019
726.40 0.000001
726.60 0.000002
726.80 0.000001
727.00 0.000028
727.20 -0.000003
727.40 0.000005
727.60 0.000009
727.80 0.000009
728.00 -0.000001
728.20 0.000014
728.40 0.000003
728.60 -0.000012
728.80 0.000013
729.00 0.000033
729.20 -0.000010
729.40 -0.000006
729.60 0.000002
729.80 -0.000006
730.00 0.000017
730.20 -0.000006
730.40 -0.000004
730.60 -0.000001
730.80 -0.000001
731.00 -0.000024
731.20 -0.000014
731.40 -0.000017
731.60 -0.000003
731.80 -0.000014
732.00 -0.000005
732.20 -0.000004
732.40 0.000011
732.60 0.000002
732.80 0.000005
733.00 -0.000001
733.20 0.000002
733.40 -0.000010
733.60 0.000002
733.80 0.000002
734.00 0.000023
734.20 0.000007
734.40 0.000009
734.60 -0.000005
734.80 0.000009
735.00 -0.000000
735.20 0.000002
735.40 -0.000004
735.60 0.000002
735.80 -0.000007
736.00 -0.000006
736.20 -0.000013
736.40 0.000007
736.60 -0.000017
736.80 -0.000012
737.00 -0.000013
737.20 -0.000010
737.40 0.000012
737.60 0.000021
737.80 0.000010
738.00 -0.000000
738.20 0.000010
738.40 0.000023
738.60 -0.000008
738.80 -0.000009
739.00 0.000001
739.20 -0.000012
739.40 -0.000003
739.60 -0.000004
739.80 0.000006
740.00 0.000019
740.20 0.000008
740.40 -0.000015
740.60 -0.000011
740.80 -0.000009
741.00 0.000003
741.20 -0.000000
741.40 0.000020
741.60 -0.000009
741.80 -0.000008
742.00 0.000008
742.20 -0.000011
742.40 -0.000024
742.60 0.000008
742.80 -0.000000
743.00 0.000023
743.20 -0.000006
743.40 -0.000013
743.60 0.000012
743.80 0.000011
744.00 -0.000006
744.20 -0.000002
744.40 -0.000009
744.60 -0.000008
744.80 -0.000014
745.00 -0.000009
745.20 -0.000000
745.40 0.000004
745.60 0.000006
745.80 -0.000008
746.00 -0.000004
746.20 0.000013
746.40 0.000015
746.60 -0.000010
746.80 0.000003
747.00 -0.000028
747.20 0.000008
747.40 -0.000018
747.60 0.000005
747.80 -0.000003
748.00 -0.000004
748.20 -0.000000
748.40 0.000007
748.60 -0.000000
748.80 0.000022
749.00 0.000006
749.20 -0.000004
749.40 0.000013
749.60 0.000015
749.80 0.000006
750.00 0.000005
750.20 0.000001
750.40 0.000019
750.60 0.000006
750.80 0.000005
751.00 0.000027
751.20 0.000013
751.40 -0.000021
751.60 -0.000005
751.80 0.000013
752.00 -0.000005
752.20 0.000011
752.40 0.000004
752.60 -0.000003
752.80 0.000001
753.00 -0.000007
753.20 0.000017
753.40 -0.000005
753.60 -0.000004
753.80 0.000005
754.00 0.000014
754.20 0.000004
754.40 0.000013
754.60 -0.000003
754.80 0.000006
755.00 0.000002
755.20 0.000002
755.40 0.000013
755.60 0.000021
755.80 0.000004
756.00 -0.000017
756.20 -0.000010
756.40 -0.000005
756.60 -0.000024
756.80 -0.000007
757.00 0.000004
757.20 0.000001
757.40 0.000018
757.60 0.000015
757.80 0.000035
758.00 0.000024
758.20 0.000002
758.40 -0.000003
758.60 0.000002
758.80 0.000012
759.00 -0.000003
759.20 0.000001
759.40 -0.000009
759.60 -0.000022
759.80 -0.000006
760.00 -0.000028
760.20 0.000002
760.40 -0.000010
760.60 -0.000002
760.80 0.000046
761.00 -0.000006
761.20 0.000004
761.40 0.000030
761.60 0.000014
761.80 0.000014
762.00 -0.000004
762.20 -0.000001
762.40 -0.000009
762.60 -0.000020
762.80 0.000028
763.00 -0.000001
763.20 0.000022
763.40 0.000019
763.60 0.000024
763.80 -0.000022
764.00 0.000009
764.20 0.000001
764.40 0.000014
764.60 0.000002
764.80 0.000021
765.00 -0.000007
765.20 -0.000002
765.40 0.000008
765.60 0.000002
765.80 0.000021
766.00 0.000027
766.20 0.000021
766.40 -0.000000
766.60 -0.000000
766.80 -0.000020
767.00 -0.000018
767.20 0.000025
767.40 -0.000008
767.60 -0.000010
767.80 0.000035
768.00 0.000006
768.20 0.000011
768.40 -0.000008
768.60 0.000039
768.80 -0.000004
769.00 -0.000014
769.20 0.000014
769.40 -0.000010
769.60 0.000012
769.80 0.000030
770.00 -0.000004
770.20 -0.000003
770.40 0.000002
770.60 0.000018
770.80 0.000015
771.00 0.000006
771.20 -0.000008
771.40 -0.000005
771.60 -0.000005
771.80 -0.000019
772.00 0.000017
772.20 0.000005
772.40 -0.000003
772.60 -0.000008
772.80 0.000011
773.00 -0.000009
773.20 0.000031
773.40 -0.000022
773.60 0.000007
773.80 -0.000003
774.00 -0.000014
774.20 0.000006
774.40 0.000011
774.60 0.000010
774.80 0.000002
775.00 -0.000019
775.20 0.000004
775.40 0.000001
775.60 -0.000012
775.80 0.000009
776.00 -0.000017
776.20 -0.000003
776.40 0.000008
776.60 0.000013
776.80 -0.000009
777.00 0.000002
777.20 -0.000005
777.40 0.000012
777.60 0.000023
777.80 0.000011
778.00 -0.000000
778.20 -0.000015
778.40 0.000006
778.60 0.000011
778.80 -0.000016
779.00 -0.000003
779.20 -0.000011
779.40 -0.000015
779.60 -0.000003
779.80 0.000014
780.00 -0.000008
780.20 0.000002
780.40 0.000006
780.60 -0.000001
780.80 -0.000001
781.00 0.000017
781.20 -0.000008
781.40 0.000018
781.60 -0.000013
781.80 0.000009
782.00 -0.000007
782.20 0.000011
782.40 -0.000010
782.60 0.000028
782.80 0.000007
783.00 -0.000025
783.20 -0.000035
783.40 0.000030
783.60 0.000010
783.80 -0.000012
784.00 -0.000015
784.20 -0.000031
784.40 -0.000010
784.60 -0.000019
784.80 -0.000019
785.00 0.000031
785.20 -0.000005
785.40 -0.000003
785.60 -0.000012
785.80 0.000018
786.00 0.000012
786.20 0.000015
786.40 0.000011
786.60 0.000026
786.80 -0.000000
787.00 -0.000004
787.20 -0.000024
787.40 -0.000015
787.60 0.000004
787.80 0.000018
788.00 -0.000009
788.20 0.000017
788.40 0.000023
788.60 -0.000009
788.80 -0.000017
789.00 -0.000001
789.20 0.000006
789.40 -0.000037
789.60 -0.000015
789.80 0.000028
790.00 -0.000004
790.20 -0.000015
790.40 -0.000029
790.60 -0.000041
790.80 -0.000011
791.00 0.000028
791.20 0.000007
791.40 0.000042
791.60 -0.000001
791.80 0.000017
792.00 -0.000018
792.20 -0.000019
792.40 0.000007
792.60 0.000013
792.80 0.000020
793.00 -0.000012
793.20 -0.000011
793.40 0.000002
793.60 0.000012
793.80 -0.000001
794.00 0.000019
794.20 -0.000001
794.40 -0.000016
794.60 0.000004
794.80 0.000010
795.00 -0.000028
795.20 0.000023
795.40 0.000002
795.60 -0.000000
795.80 -0.000019
796.00 -0.000016
796.20 0.000025
796.40 0.000017
796.60 0.000013
796.80 0.000001
797.00 -0.000013
797.20 0.000006
797.40 0.000010
797.60 0.000005
797.80 0.000015
798.00 0.000010
798.20 -0.000008
798.40 -0.000030
798.60 -0.000007
798.80 -0.000021
799.00 0.000010
799.20 0.000017
799.40 -0.000037
799.60 0.000007
799.80 0.000007
800.00 -0.000018
800.20 -0.000038
800.40 0.000014
800.60 -0.000019
800.80 -0.000010
801.00 -0.000005
801.20 0.000004
801.40 -0.000004
801.60 -0.000035
801.80 -0.000027
802.00 -0.000021
802.20 -0.000004
802.40 -0.000026
802.60 0.000022
802.80 0.000017
803.00 0.000015
803.20 0.000015
803.40 -0.000016
803.60 0.000018
803.80 0.000046
804.00 0.000004
804.20 0.000008
804.40 0.000026
804.60 -0.000012
804.80 0.000037
805.00 0.000052
805.20 -0.000009
805.40 -0.000030
805.60 0.000010
805.80 -0.000008
806.00 0.000005
806.20 -0.000017
806.40 0.000012
806.60 0.000018
806.80 0.000012
807.00 -0.000007
807.20 -0.000022
807.40 -0.000017
807.60 -0.000031
807.80 -0.000009
808.00 -0.000016
808.20 0.000029
808.40 0.000004
808.60 0.000029
808.80 -0.000024
809.00 0.000026
809.20 0.000023
809.40 0.000036
809.60 -0.000009
809.80 -0.000001
810.00 0.000019
810.20 -0.000012
810.40 -0.000029
810.60 -0.000024
810.80 0.000010
811.00 0.000042
811.20 -0.000032
811.40 -0.000005
811.60 0.000019
811.80 0.000054
812.00 -0.000018
812.20 -0.000033
812.40 -0.000018
812.60 -0.000042
812.80 -0.000030
813.00 -0.000017
813.20 -0.000019
813.40 -0.000016
813.60 -0.000003
813.80 0.000029
814.00 0.000012
814.20 0.000024
814.40 0.000028
814.60 -0.000013
814.80 0.000002
815.00 -0.000042
815.20 -0.000000
815.40 -0.000003
815.60 0.000015
815.80 -0.000006
816.00 0.000016
816.20 0.000023
816.40 -0.000004
816.60 -0.000058
816.80 0.000019
817.00 -0.000030
817.20 -0.000049
817.40 -0.000018
817.60 0.000006
817.80 -0.000001
818.00 0.000043
818.20 0.000005
818.40 -0.000045
818.60 0.000024
818.80 -0.000014
819.00 0.000004
819.20 0.000043
819.40 0.000004
819.60 0.000012
819.80 -0.000010
820.00 -0.000019
820.20 0.000013
820.40 0.000030
820.60 0.000019
820.80 0.000020
821.00 -0.000007
821.20 0.000040
821.40 0.000022
821.60 0.000022
821.80 0.000017
822.00 0.000037
822.20 -0.000016
822.40 0.000042
822.60 0.000023
822.80 0.000031
823.00 0.000058
823.20 0.000004
823.40 0.000009
823.60 -0.000028
823.80 0.000004
824.00 0.000001
824.20 0.000014
824.40 -0.000029
824.60 0.000009
824.80 0.000001
825.00 0.000022
825.20 -0.000022
825.40 -0.000017
825.60 -0.000009
825.80 0.000006
826.00 0.000020
826.20 -0.000016
826.40 0.000016
826.60 -0.000018
826.80 0.000003
827.00 -0.000023
827.20 -0.000022
827.40 0.000052
827.60 0.000034
827.80 0.000032
828.00 -0.000001
828.20 0.000038
828.40 0.000006
828.60 0.000050
828.80 -0.000005
829.00 -0.000032
829.20 0.000037
829.40 0.000031
829.60 0.000019
829.80 -0.000038
830.00 -0.000019
830.20 0.000022
830.40 -0.000029
830.60 0.000020
830.80 -0.000000
831.00 0.000014
831.20 -0.000013
831.40 0.000013
831.60 0.000028
831.80 0.000021
832.00 0.000067
832.20 0.000007
832.40 -0.000000
832.60 0.000026
832.80 -0.000056
833.00 0.000014
833.20 -0.000008
833.40 -0.000021
833.60 0.000022
833.80 0.000030
834.00 0.000062
834.20 0.000012
834.40 0.000034
834.60 -0.000040
834.80 0.000070
835.00 -0.000004
835.20 0.000017
835.40 -0.000104
835.60 0.000072
835.80 -0.000027
836.00 0.000009
836.20 -0.000009
836.40 -0.000073
836.60 0.000045
836.80 -0.000006
837.00 0.000019
837.20 0.000007
837.40 0.000060
837.60 -0.000024
837.80 0.000060
838.00 0.000013
838.20 0.000115
838.40 0.000063
838.60 0.000087
838.80 -0.000040
839.00 0.000053
839.20 0.000050
839.40 -0.000044
839.60 0.000002
839.80 -0.000055
840.00 -0.000060
840.20 0.000033
840.40 -0.000023
840.60 0.000082
840.80 0.000051
841.00 0.000030
841.20 -0.000062
841.40 0.000111
841.60 -0.000106
841.80 0.000059
842.00 -0.000004
842.20 -0.000079
842.40 -0.000033
842.60 -0.000063
842.80 0.000086
843.00 0.000089
843.20 -0.000047
843.40 0.000094
843.60 0.000048
843.80 -0.000154
844.00 0.000010
844.20 0.000147
844.40 -0.000053
844.60 -0.000105
844.80 -0.000068
845.00 -0.000152
845.20 -0.000011
845.40 -0.000036
845.60 0.000011
845.80 -0.000008
846.00 -0.000020
846.20 0.000075
846.40 -0.000175
846.60 -0.000126
846.80 0.000046
847.00 0.000029
847.20 0.000019
847.40 -0.000029
847.60 -0.000215
847.80 -0.000089
848.00 -0.000147
848.20 0.000002
848.40 0.000031
848.60 -0.000127
848.80 -0.000064
849.00 0.000018
849.20 -0.000101
849.40 0.000092
849.60 -0.000080
849.80 0.000040
850.00 0.000055
850.20 0.000091
850.40 0.000083
850.60 0.000008
850.80 0.000020
851.00 -0.000025
851.20 -0.000080
851.40 -0.000069
851.60 0.000262
851.80 -0.000345
852.00 -0.000086
852.20 -0.000199
852.40 -0.000021
852.60 -0.000093
852.80 0.000050
853.00 -0.000090
853.20 0.000080
853.40 -0.000126
853.60 0.000028
853.80 -0.000132
854.00 0.000125
854.20 0.000066
854.40 0.000089
854.60 -0.000060
854.80 0.000102
855.00 -0.000042
855.20 -0.000038
855.40 -0.000108
855.60 0.000126
855.80 -0.000049
856.00 0.000070
856.20 0.000120
856.40 -0.000113
856.60 0.000032
856.80 0.000179
857.00 0.000072
857.20 0.000022
857.40 -0.000330
857.60 0.000416
857.80 -0.000034
858.00 0.000203
858.20 0.000118
858.40 -0.000220
858.60 0.000085
858.80 -0.000223
859.00 -0.000030
859.20 0.000110
859.40 -0.000077
859.60 0.000126
859.80 -0.000150
860.00 0.000353
860.20 -0.000068
860.40 -0.000170
860.60 -0.000178
860.80 0.000704
861.00 0.000035
861.20 -0.000383
861.40 -0.000643
861.60 -0.000015
861.80 -0.000063
862.00 -0.000009
862.20 0.000738
862.40 -0.000162
862.60 -0.000076
862.80 0.000016
863.00 0.000197
863.20 0.000449
863.40 -0.000134
863.60 -0.000042
863.80 -0.000315
864.00 -0.000324
864.20 -0.000312
864.40 0.000564
864.60 -0.000689
864.80 -0.000056
865.00 -0.000643
865.20 -0.000179
865.40 -0.000300
865.60 -0.000018
865.80 0.000784
866.00 0.000179
866.20 0.000256
866.40 -0.000211
866.60 0.000081
866.80 0.000323
867.00 0.000356
867.20 -0.000569
867.40 0.000192
867.60 0.000082
867.80 0.000214
868.00 0.000388
868.20 -0.000525
868.40 0.000136
868.60 -0.000148
868.80 -0.000386
869.00 0.000313
869.20 -0.000624
869.40 0.000661
869.60 0.000369
869.80 0.000107
870.00 0.000283
870.20 -0.000619
870.40 0.001017
870.60 -0.000049
870.80 -0.001018
871.00 -0.000682
871.20 0.000081
871.40 0.000245
871.60 -0.000945
871.80 -0.000619
872.00 -0.000214
872.20 0.000423
872.40 -0.000368
872.60 -0.000058
872.80 0.000445
873.00 -0.001039
873.20 0.001499
873.40 -0.000144
873.60 -0.000981
873.80 -0.001008
874.00 0.000553
874.20 0.000782
874.40 -0.000637
874.60 0.000594
874.80 -0.000560
875.00 -0.000773
875.20 0.000847
875.40 0.001201
875.60 0.000557
875.80 -0.000127
876.00 -0.001215
876.20 0.001434
876.40 -0.000818
876.60 0.000461
876.80 -0.000114
877.00 -0.001226
877.20 -0.000634
877.40 -0.000128
877.60 0.000370
877.80 -0.003178
878.00 -0.002642
878.20 -0.001216
878.40 0.000446
878.60 0.000100
878.80 -0.003144
879.00 0.001133
879.20 0.000026
879.40 -0.000957
879.60 -0.001220
879.80 0.000384
880.00 -0.000328
880.20 -0.002213
880.40 -0.000472
880.60 -0.001968
880.80 -0.001956
881.00 0.002439
881.20 0.000732
881.40 -0.001165
881.60 0.002735
881.80 0.001950
882.00 0.002927
882.20 0.000100
882.40 -0.002707
882.60 0.000270
882.80 0.000084
883.00 0.001060
883.20 0.003113
883.40 0.001776
883.60 0.002461
883.80 -0.001826
884.00 -0.000208
884.20 -0.000082
884.40 -0.000059
884.60 0.003207
884.80 -0.000843
885.00 0.000613
885.20 -0.000270
885.40 -0.000670
885.60 -0.001367
885.80 0.001094
886.00 0.000530
886.20 -0.001046
886.40 -0.003534
886.60 -0.001841
886.80 0.000324
887.00 0.002130
887.20 0.002147
887.40 0.001408
887.60 -0.000716
887.80 -0.001596
888.00 -0.004257
888.20 -0.003230
888.40 -0.004399
888.60 0.003680
888.80 -0.001066
889.00 0.001584
889.20 -0.003737
889.40 0.002201
889.60 -0.000794
889.80 -0.004762
890.00 -0.000231
890.20 0.002906
890.40 -0.004908
890.60 0.006058
890.80 -0.001143
891.00 0.001028
891.20 -0.005195
891.40 -0.004599
891.60 -0.000370
891.80 -0.003507
892.00 0.004950
892.20 -0.003923
892.40 0.002637
892.60 0.004946
892.80 -0.000073
893.00 -0.004685
893.20 0.002749
893.40 -0.004158
893.60 0.002532
893.80 0.004610
894.00 0.003577
894.20 0.002246
894.40 -0.003129
894.60 -0.004099
894.80 -0.001623
895.00 0.001729
895.20 -0.002249
895.40 0.004941
895.60 -0.003541
895.80 -0.002820
896.00 0.008288
896.20 -0.005457
896.40 0.000683
896.60 -0.000758
896.80 -0.004261
897.00 0.000629
897.20 0.003132
897.40 0.004110
897.60 -0.002532
897.80 -0.005326
898.00 0.008976
898.20 -0.002912
898.40 0.007082
898.60 -0.005472
898.80 0.003129
899.00 0.003657
899.20 0.001954
899.40 0.002071
899.60 0.001711
899.80 -0.001155
900.00 -0.000047
900.20 0.000345
900.40 0.000004
900.60 0.000562
900.80 0.000368
901.00 -0.000182
901.20 -0.000214
901.40 0.000282
901.60 -0.000049
901.80 0.000308
902.00 -0.000564
902.20 -0.000073
902.40 -0.000072
902.60 0.000436
902.80 -0.000048
903.00 0.000187
903.20 0.000213
903.40 -0.000128
903.60 0.000031
903.80 0.000262
904.00 0.000135
904.20 0.000110
904.40 0.000010
904.60 0.000182
904.80 -0.000429
905.00 0.000175
905.20 -0.000095
905.40 0.000252
905.60 0.000006
905.80 0.000028
906.00 -0.000074
906.20 0.000126
906.40 -0.000147
906.60 0.000175
906.80 0.000394
907.00 0.000175
907.20 0.000246
907.40 -0.000237
907.60 0.000027
907.80 -0.000163
908.00 0.000098
908.20 0.000215
908.40 0.000330
908.60 -0.000416
908.80 -0.000184
909.00 -0.000228
909.20 -0.000223
909.40 0.000052
909.60 0.000278
909.80 0.000387
910.00 -0.000288
910.20 0.000274
910.40 -0.000042
910.60 0.000089
910.80 0.000088
911.00 -0.000063
911.20 -0.000133
911.40 -0.000131
911.60 0.000242
911.80 0.000286
912.00 0.000001
912.20 -0.000104
912.40 0.000176
912.60 0.000157
912.80 0.000134
913.00 0.000085
913.20 -0.000059
913.40 0.000212
913.60 -0.000126
913.80 0.000106
914.00 0.000213
914.20 0.000191
914.40 -0.000082
914.60 -0.000122
914.80 0.000229
915.00 0.000250
915.20 0.000389
915.40 0.000203
915.60 0.000025
915.80 -0.000201
916.00 -0.000058
916.20 0.000204
916.40 0.000239
916.60 0.000203
916.80 0.000023
917.00 0.000039
917.20 -0.000016
917.40 0.000100
917.60 0.000122
917.80 -0.000466
918.00 -0.000096
918.20 0.000083
918.40 0.000020
918.60 0.000332
918.80 0.000003
919.00 0.000214
919.20 0.000153
919.40 0.000190
919.60 -0.000132
919.80 0.000245
920.00 0.000187
920.20 -0.000073
920.40 -0.000163
920.60 0.000295
920.80 0.000185
921.00 0.000183
921.20 0.000241
921.40 -0.000033
921.60 -0.000212
921.80 0.000112
922.00 0.000274
922.20 0.000287
922.40 0.000104
922.60 0.000198
922.80 -0.000050
923.00 -0.000016
923.20 -0.000051
923.40 -0.000068
923.60 -0.000101
923.80 0.000072
924.00 0.000352
924.20 0.000226
924.40 -0.000173
924.60 0.000175
924.80 -0.000034
925.00 -0.000117
925.20 0.000173
925.40 0.000090
925.60 -0.000169
925.80 0.000134
926.00 0.000184
926.20 0.000186
926.40 0.000084
926.60 -0.000031
926.80 0.000053
927.00 0.000036
927.20 0.000102
927.40 0.000133
927.60 0.000153
927.80 -0.000117
928.00 0.000279
928.20 0.000273
928.40 -0.000048
928.60 0.000049
928.80 0.000017
929.00 -0.000125
929.20 -0.000047
929.40 -0.000044
929.60 0.000209
929.80 0.000016
930.00 0.000270
930.20 -0.000094
930.40 0.000096
930.60 0.000141
930.80 0.000063
931.00 -0.000108
931.20 0.000017
931.40 0.000139
931.60 -0.000002
931.80 0.000091
932.00 -0.000045
932.20 0.000216
932.40 0.000199
932.60 0.000047
932.80 0.000046
933.00 -0.000061
933.20 0.000105
933.40 0.000136
933.60 0.000136
933.80 0.000073
934.00 0.000194
934.20 0.000211
934.40 -0.000118
934.60 0.000015
934.80 0.000132
935.00 0.000148
935.20 0.000146
935.40 0.000014
935.60 0.000017
935.80 0.000217
936.00 0.000100
936.20 0.000159
936.40 0.000187
936.60 0.000117
936.80 0.000027
937.00 -0.000001
937.20 0.000158
937.40 0.000057
937.60 -0.000027
937.80 -0.000084
938.00 0.000012
938.20 0.000156
938.40 0.000156
938.60 -0.000028
938.80 -0.000167
939.00 0.000055
939.20 0.000014
939.40 -0.000056
939.60 0.000014
939.80 0.000082
940.00 0.000070
940.20 0.000151
940.40 0.000027
940.60 0.000095
940.80 0.000120
941.00 0.000212
941.20 0.000136
941.40 -0.000010
941.60 0.000136
941.80 -0.000001
942.00 -0.000108
942.20 -0.000029
942.40 0.000079
942.60 0.000239
942.80 0.000041
943.00 0.000134
943.20 -0.000016
943.40 -0.000084
943.60 -0.000160
943.80 0.000144
944.00 0.000246
944.20 0.000298
944.40 0.000391
944.60 -0.000181
944.80 -0.000155
945.00 -0.000002
945.20 -0.000002
945.40 0.000053
945.60 -0.000012
945.80 0.000343
946.00 0.000177
946.20 -0.000015
946.40 0.000061
946.60 -0.000102
946.80 -0.000041
947.00 -0.000137
947.20 0.000137
947.40 0.000197
947.60 0.000159
947.80 0.000159
948.00 0.000332
948.20 -0.000113
948.40 -0.000026
948.60 -0.000076
948.80 -0.000125
949.00 0.000095
949.20 0.000278
949.40 0.000108
949.60 -0.000025
949.80 -0.000109
950.00 0.000106
950.20 -0.000000
950.40 0.000224
950.60 -0.000134
950.80 0.000022
951.00 0.000142
951.20 0.000163
951.40 -0.000202
951.60 -0.000072
951.80 0.000080
952.00 0.000080
952.20 0.000078
952.40 -0.000050
952.60 -0.000153
952.80 0.000197
953.00 0.000182
953.20 -0.000036
953.40 -0.000014
953.60 0.000087
953.80 0.000169
954.00 0.000068
954.20 0.000032
954.40 0.000341
954.60 0.000136
954.80 0.000146
955.00 -0.000081
955.20 -0.000058
955.40 -0.000025
955.60 0.000064
955.80 0.000055
956.00 0.000021
956.20 -0.000035
956.40 0.000010
956.60 -0.000023
956.80 -0.000013
957.00 0.000019
957.20 0.000032
957.40 0.000209
957.60 -0.000015
957.80 0.000097
958.00 -0.000024
958.20 0.000051
958.40 0.000129
958.60 -0.000001
958.80 0.000094
959.00 -0.000177
959.20 0.000029
959.40 0.000138
959.60 0.000051
959.80 0.000083
960.00 0.000094
960.20 0.000063
960.40 -0.000068
960.60 -0.000100
960.80 -0.000034
961.00 -0.000034
961.20 0.000251
961.40 0.000134
961.60 0.000156
961.80 0.000008
962.00 0.000059
962.20 0.000009
962.40 0.000038
962.60 0.000041
962.80 0.000019
963.00 -0.000084
963.20 -0.000034
963.40 0.000050
963.60 0.000091
963.80 0.000039
964.00 0.000121
964.20 -0.000021
964.40 -0.000041
964.60 0.000008
964.80 -0.000052
965.00 -0.000041
965.20 0.000180
965.40 0.000060
965.60 0.000061
965.80 0.000170
966.00 0.000130
966.20 0.000029
966.40 0.000088
966.60 0.000018
966.80 0.000069
967.00 0.000257
967.20 0.000128
967.40 0.000097
967.60 0.000048
967.80 -0.000189
968.00 0.000048
968.20 0.000078
968.40 0.000086
968.60 0.000263
968.80 0.000068
969.00 0.000096
969.20 0.000125
969.40 -0.000009
969.60 0.000018
969.80 0.000230
970.00 0.000126
970.20 0.000125
970.40 0.000114
970.60 -0.000068
970.80 0.000084
971.00 -0.000106
971.20 -0.000021
971.40 0.000017
971.60 0.000190
971.80 0.000074
972.00 0.000266
972.20 0.000074
972.40 0.000093
972.60 -0.000068
972.80 -0.000077
973.00 0.000120
973.20 0.000102
973.40 0.000045
973.60 0.000027
973.80 0.000109
974.00 0.000045
974.20 0.000119
974.40 0.000249
974.60 0.000111
974.80 0.000063
975.00 0.000136
975.20 0.000035
975.40 0.000108
975.60 0.000063
975.80 -0.000029
976.00 0.000045
976.20 -0.000018
976.40 0.000063
976.60 0.000153
976.80 0.000107
977.00 -0.000002
977.20 0.000116
977.40 0.000125
977.60 0.000008
977.80 0.000036
978.00 0.000133
978.20 0.000016
978.40 0.000034
978.60 0.000025
978.80 0.000157
979.00 -0.000029
979.20 0.000123
979.40 0.000184
979.60 0.000105
979.80 0.000051
980.00 0.000015
980.20 0.000006
980.40 -0.000002
980.60 0.000068
980.80 0.000059
981.00 0.000111
981.20 0.000016
981.40 0.000130
981.60 0.000110
981.80 0.000171
982.00 0.000083
982.20 0.000083
982.40 0.000043
982.60 -0.000001
982.80 -0.000003
983.00 0.000041
983.20 0.000100
983.40 0.000279
983.60 0.000058
983.80 -0.000069
984.00 0.000042
984.20 0.000009
984.40 -0.000018
984.60 0.000099
984.80 0.000022
985.00 0.000065
985.20 -0.000019
985.40 0.000242
985.60 0.000282
985.80 0.000048
986.00 -0.000043
986.20 -0.000036
986.40 -0.000011
986.60 0.000073
986.80 0.000197
987.00 0.000047
987.20 0.000013
987.40 0.000013
987.60 0.000040
987.80 -0.000042
988.00 0.000080
988.20 0.000163
988.40 0.000136
988.60 0.000063
988.80 0.000072
989.00 0.000046
989.20 0.000095
989.40 0.000038
989.60 0.000127
989.80 0.000160
990.00 0.000054
990.20 0.000023
990.40 0.000103
990.60 0.000070
990.80 0.000028
991.00 -0.000019
991.20 0.000141
991.40 0.000203
991.60 0.000077
991.80 0.000142
992.00 0.000148
992.20 0.000005
992.40 0.000139
992.60 0.000123
992.80 0.000037
993.00 0.000027
993.20 0.000021
993.40 0.000075
993.60 0.000044
993.80 0.000092
994.00 0.000037
994.20 0.000082
994.40 0.000028
994.60 -0.000086
994.80 0.000081
995.00 0.000020
995.20 0.000013
995.40 0.000106
995.60 0.000120
995.80 -0.000003
996.00 0.000134
996.20 0.000112
996.40 0.000165
996.60 0.000126
996.80 0.000057
997.00 0.000133
997.20 0.000088
997.40 0.000140
997.60 -0.000009
997.80 0.000232
998.00 0.000155
998.20 0.000101
998.40 0.000125
998.60 0.000130
998.80 0.000161
999.00 0.000160
999.20 0.000021
999.40 -0.000077
999.60 0.000056
999.80 0.000219
1000.00 0.000122
1000.20 0.000064
1000.40 0.000071
1000.60 0.000210
1000.80 0.000172
1001.00 0.000122
1001.20 0.000056
1001.40 0.000027
1001.60 0.000165
1001.80 0.000134
1002.00 0.000221
1002.20 0.000134
1002.40 0.000018
1002.60 0.000149
1002.80 0.000119
1003.00 0.000112
1003.20 0.000113
1003.40 0.000076
1003.60 0.000154
1003.80 0.000111
1004.00 0.000061
1004.20 0.000096
1004.40 0.000103
1004.60 0.000117
1004.80 0.000061
1005.00 0.000053
1005.20 0.000066
1005.40 0.000116
1005.60 0.000145
1005.80 0.000102
1006.00 0.000192
1006.20 0.000094
1006.40 0.000039
1006.60 0.000109
1006.80 0.000081
1007.00 0.000150
1007.20 0.000183
1007.40 0.000094
1007.60 0.000128
1007.80 0.000156
1008.00 0.000073
1008.20 0.000141
1008.40 0.000025
1008.60 0.000079
1008.80 0.000195
1009.00 0.000159
1009.20 0.000059
1009.40 0.000126
1009.60 0.000079
1009.80 0.000173
1010.00 0.000118
1010.20 0.000204
1010.40 0.000144
1010.60 0.000118
1010.80 0.000112
1011.00 0.000166
1011.20 0.000158
1011.40 0.000144
1011.60 0.000217
1011.80 0.000117
1012.00 0.000131
1012.20 0.000235
1012.40 0.000188
1012.60 0.000102
1012.80 0.000031
1013.00 0.000024
1013.20 0.000149
1013.40 0.000123
1013.60 0.000168
1013.80 0.000240
1014.00 0.000135
1014.20 0.000076
1014.40 0.000082
1014.60 0.000140
1014.80 0.000141
1015.00 0.000140
1015.20 0.000192
1015.40 0.000186
1015.60 0.000140
1015.80 0.000022
1016.00 0.000217
1016.20 -0.000002
1016.40 0.000208
1016.60 0.000068
1016.80 0.000106
1017.00 0.000094
1017.20 0.000164
1017.40 0.000107
1017.60 0.000080
1017.80 0.000125
1018.00 0.000100
1018.20 0.000055
1018.40 0.000143
1018.60 0.000168
1018.80 0.000136
1019.00 0.000154
1019.20 0.000129
1019.40 0.000166
1019.60 0.000167
1019.80 0.000203
1020.00 0.000141
1020.20 0.000172
1020.40 0.000203
1020.60 0.000165
1020.80 0.000116
1021.00 0.000152
1021.20 0.000147
1021.40 0.000190
1021.60 0.000140
1021.80 0.000114
1022.00 0.000164
1022.20 0.000170
1022.40 0.000194
1022.60 0.000195
1022.80 0.000231
1023.00 0.000162
1023.20 0.000064
1023.40 0.000119
1023.60 0.000132
1023.80 0.000156
1024.00 0.000176
1024.20 0.000204
1024.40 0.000228
1024.60 0.000246
1024.80 0.000117
1025.00 0.000221
1025.20 0.000088
1025.40 0.000125
1025.60 0.000209
1025.80 0.000196
1026.00 0.000142
1026.20 0.000142
1026.40 0.000214
1026.60 0.000183
1026.80 0.000195
1027.00 0.000200
1027.20 0.000182
1027.40 0.000117
1027.60 0.000217
1027.80 0.000182
1028.00 0.000227
1028.20 0.000211
1028.40 0.000204
1028.60 0.000245
1028.80 0.000210
1029.00 0.000140
1029.20 0.000175
1029.40 0.000168
1029.60 0.000144
1029.80 0.000155
1030.00 0.000244
1030.20 0.000162
1030.40 0.000238
1030.60 0.000237
1030.80 0.000131
1031.00 0.000161
1031.20 0.000183
1031.40 0.000190
1031.60 0.000178
1031.80 0.000264
1032.00 0.000183
1032.20 0.000234
1032.40 0.000188
1032.60 0.000246
1032.80 0.000210
1033.00 0.000227
1033.20 0.000199
1033.40 0.000153
1033.60 0.000146
1033.80 0.000169
1034.00 0.000235
1034.20 0.000289
1034.40 0.000267
1034.60 0.000330
1034.80 0.000221
1035.00 0.000128
1035.20 0.000151
1035.40 0.000200
1035.60 0.000367
1035.80 0.000299
1036.00 0.000152
1036.20 0.000172
1036.40 0.000218
1036.60 0.000235
1036.80 0.000285
1037.00 0.000235
1037.20 0.000269
1037.40 0.000213
1037.60 0.000244
1037.80 0.000250
1038.00 0.000299
1038.20 0.000299
1038.40 0.000233
1038.60 0.000295
1038.80 0.000244
1039.00 0.000243
1039.20 0.000259
1039.40 0.000320
1039.60 0.000265
1039.80 0.000243
1040.00 0.000103
1040.20 0.000109
1040.40 0.000204
1040.60 0.000215
1040.80 0.000302
1041.00 0.000283
1041.20 0.000196
1041.40 0.000235
1041.60 0.000229
1041.80 0.000235
1042.00 0.000275
1042.20 0.000190
1042.40 0.000243
1042.60 0.000243
1042.80 0.000196
1043.00 0.000273
1043.20 0.000207
1043.40 0.000303
1043.60 0.000275
1043.80 0.000320
1044.00 0.000293
1044.20 0.000237
1044.40 0.000312
1044.60 0.000298
1044.80 0.000270
1045.00 0.000271
1045.20 0.000267
1045.40 0.000354
1045.60 0.000333
1045.80 0.000333
1046.00 0.000242
1046.20 0.000275
1046.40 0.000329
1046.60 0.000326
1046.80 0.000320
1047.00 0.000341
1047.20 0.000324
1047.40 0.000311
1047.60 0.000347
1047.80 0.000299
1048.00 0.000426
1048.20 0.000387
1048.40 0.000391
1048.60 0.000307
1048.80 0.000393
1049.00 0.000380
1049.20 0.000364
1049.40 0.000333
1049.60 0.000362
1049.80 0.000366
1050.00 0.000379
1050.20 0.000351
1050.40 0.000304
1050.60 0.000396
1050.80 0.000382
1051.00 0.000322
1051.20 0.000378
1051.40 0.000355
1051.60 0.000345
1051.80 0.000365
1052.00 0.000372
1052.20 0.000397
1052.40 0.000396
1052.60 0.000340
1052.80 0.000350
1053.00 0.000417
1053.20 0.000383
1053.40 0.000464
1053.60 0.000418
1053.80 0.000425
1054.00 0.000322
1054.20 0.000421
1054.40 0.000358
1054.60 0.000383
1054.80 0.000496
1055.00 0.000480
1055.20 0.000368
1055.40 0.000337
1055.60 0.000335
1055.80 0.000435
1056.00 0.000406
1056.20 0.000524
1056.40 0.000385
1056.60 0.000428
1056.80 0.000384
1057.00 0.000419
1057.20 0.000426
1057.40 0.000394
1057.60 0.000415
1057.80 0.000421
1058.00 0.000403
1058.20 0.000462
1058.40 0.000491
1058.60 0.000459
1058.80 0.000442
1059.00 0.000467
1059.20 0.000473
1059.40 0.000442
1059.60 0.000447
1059.80 0.000521
1060.00 0.000480
1060.20 0.000442
1060.40 0.000498
1060.60 0.000436
1060.80 0.000462
1061.00 0.000490
1061.20 0.000476
1061.40 0.000456
1061.60 0.000567
1061.80 0.000477
1062.00 0.000540
1062.20 0.000511
1062.40 0.000450
1062.60 0.000521
1062.80 0.000542
1063.00 0.000516
1063.20 0.000589
1063.40 0.000533
1063.60 0.000529
1063.80 0.000592
1064.00 0.000604
1064.20 0.000560
1064.40 0.000424
1064.60 0.000482
1064.80 0.000532
1065.00 0.000439
1065.20 0.000577
1065.40 0.000539
1065.60 0.000576
1065.80 0.000589
1066.00 0.000593
1066.20 0.000524
1066.40 0.000536
1066.60 0.000599
1066.80 0.000551
1067.00 0.000572
1067.20 0.000563
1067.40 0.000532
1067.60 0.000540
1067.80 0.000558
1068.00 0.000663
1068.20 0.000692
1068.40 0.000588
1068.60 0.000596
1068.80 0.000591
1069.00 0.000555
1069.20 0.000617
1069.40 0.000589
1069.60 0.000574
1069.80 0.000613
1070.00 0.000577
1070.20 0.000560
1070.40 0.000573
1070.60 0.000642
1070.80 0.000696
1071.00 0.000594
1071.20 0.000668
1071.40 0.000691
1071.60 0.000661
1071.80 0.000717
1072.00 0.000681
1072.20 0.000715
1072.40 0.000608
1072.60 0.000704
1072.80 0.000652
1073.00 0.000610
1073.20 0.000703
1073.40 0.000629
1073.60 0.000645
1073.80 0.000737
1074.00 0.000788
1074.20 0.000758
1074.40 0.000749
1074.60 0.000659
1074.80 0.000618
1075.00 0.000745
1075.20 0.000697
1075.40 0.000800
1075.60 0.000788
1075.80 0.000779
1076.00 0.000684
1076.20 0.000713
1076.40 0.000702
1076.60 0.000786
1076.80 0.000848
1077.00 0.000758
1077.20 0.000738
1077.40 0.000847
1077.60 0.000805
1077.80 0.000818
1078.00 0.000785
1078.20 0.000791
1078.40 0.000810
1078.60 0.000783
1078.80 0.000806
1079.00 0.000837
1079.20 0.000957
1079.40 0.000881
1079.60 0.000807
1079.80 0.000752
1080.00 0.000864
1080.20 0.000793
1080.40 0.000855
1080.60 0.000895
1080.80 0.000857
1081.00 0.000920
1081.20 0.000907
1081.40 0.000820
1081.60 0.000810
1081.80 0.000853
1082.00 0.000913
1082.20 0.000857
1082.40 0.001011
1082.60 0.000825
1082.80 0.000868
1083.00 0.000930
1083.20 0.000901
1083.40 0.000921
1083.60 0.000932
1083.80 0.000930
1084.00 0.000934
1084.20 0.000911
1084.40 0.000981
1084.60 0.001067
1084.80 0.000930
1085.00 0.000976
1085.20 0.000943
1085.40 0.000921
1085.60 0.000916
1085.80 0.001066
1086.00 0.001046
1086.20 0.001079
1086.40 0.000941
1086.60 0.000982
1086.80 0.001010
1087.00 0.000970
1087.20 0.001066
1087.40 0.001026
1087.60 0.001058
1087.80 0.001031
1088.00 0.001094
1088.20 0.001099
1088.40 0.001131
1088.60 0.001095
1088.80 0.001075
1089.00 0.001072
1089.20 0.001074
1089.40 0.001116
1089.60 0.001202
1089.80 0.001168
1090.00 0.001177
1090.20 0.001108
1090.40 0.001115
1090.60 0.001092
1090.80 0.001108
1091.00 0.001150
1091.20 0.001166
1091.40 0.001154
1091.60 0.001209
1091.80 0.001235
1092.00 0.001198
1092.20 0.001230
1092.40 0.001122
1092.60 0.001223
1092.80 0.001247
1093.00 0.001241
1093.20 0.001247
1093.40 0.001237
1093.60 0.001250
1093.80 0.001206
1094.00 0.001260
1094.20 0.001269
1094.40 0.001343
1094.60 0.001319
1094.80 0.001354
1095.00 0.001317
1095.20 0.001354
1095.40 0.001419
1095.60 0.001352
1095.80 0.001336
1096.00 0.001347
1096.20 0.001385
1096.40 0.001308
1096.60 0.001365
1096.80 0.001432
1097.00 0.001486
1097.20 0.001424
1097.40 0.001458
1097.60 0.001398
1097.80 0.001465
1098.00 0.001507
1098.20 0.001390
1098.40 0.001472
1098.60 0.001452
1098.80 0.001506
1099.00 0.001537
1099.20 0.001499
1099.40 0.001536
1099.60 0.001515
1099.80 0.001600
1100.00 0.001593
