449.47 0.000000
452.59 0.014000
455.72 0.042000
458.85 0.094000
461.97 0.175000
465.10 0.280000
468.23 0.399000
471.36 0.523000
474.48 0.638000
477.61 0.734000
480.74 0.807000
483.86 0.863000
486.99 0.901000
490.12 0.930000
493.24 0.953000
496.37 0.970000
499.50 0.983000
502.63 0.993000
505.75 0.998000
508.88 1.000000
512.01 0.998000
515.13 0.992000
518.26 0.982000
521.39 0.970000
524.52 0.955000
527.64 0.938000
530.77 0.920000
533.90 0.901000
537.02 0.881000
540.15 0.859000
543.28 0.837000
546.40 0.813000
549.53 0.789000
552.66 0.764000
555.79 0.739000
558.91 0.713000
562.04 0.687000
565.17 0.659000
568.29 0.631000
571.42 0.602000
574.55 0.573000
577.68 0.544000
580.80 0.515000
583.93 0.486000
587.06 0.457000
590.18 0.427000
593.31 0.398000
596.44 0.370000
599.57 0.343000
602.69 0.317000
605.82 0.291000
608.95 0.267000
612.07 0.245000
615.20 0.225000
618.33 0.207000
621.45 0.189000
624.58 0.172000
627.71 0.157000
630.84 0.143000
633.96 0.131000
637.09 0.120000
640.22 0.110000
643.34 0.100000
646.47 0.091000
649.60 0.082000
652.73 0.073000
655.85 0.065000
658.98 0.058000
662.11 0.050000
665.23 0.042000
668.36 0.033000
671.49 0.024000
674.62 0.016000
677.74 0.008000
